000000000000000000000000000010
000000000000000000000000000000
000000000000000000000000000000
000000000000000000000000000000
000000000000000000000000000000
000000000000000000001000000000
000000000000000011111000000000
000000000000001111111100000000
000000000000001100011000000000
000000000000011100001100000000
000000000000011000001100000000
000000000000011000001100000000
000000000000111000001100000000
000000000000110000001110000000
000000000000110000001100000000
000000000000110000001100000000
000000000000110000011100000000
000000000000110000011000000001
000000000000110000011000000000
000000000000110000011000000000
000000000000110000111000000000
000000000000110000110000000000
000000000000111001100000000000
000000000000011111000000000000
000000000000001110000000000000
000000000000000000000000000000
000000000000000000000000000000
000000000000000000000000000000
000000000000000000000000000000
000000000000000000000000000000
