000000000000000000000000110000
000000000000000000000000110000
000000000001000000000000000000
000000000000000000000000000000
000000000000000000000000000000
000000000000000000000000000000
000000000000000000000000000000
000000000000000000000000000000
000000000000000111100000000000
000000000000001111111000000000
000000000000011111111100000000
000000000000111100011110000000
000000000000111000001111000000
000000000001111000000111000000
000000000001110000000111001100
000000000001110000000111000000
000000000001110000000111000000
000000000011110000001111100000
000000000111111000000111000000
000000000011110000000111000000
000000000001110000000111000000
000000000001110000001111000000
000000000001111000001110000000
000000000001111000111110000000
100000000001111111111100000000
100000000000111111111000000000
000000000000001111110000000000
000000000000000000000000000000
000000000000000000000000000000
000000000000000000000000000000
