000000000000000000000000000000
000000000000000000000000000000
000000000000000000000000000000
000000000000000000000000000000
000000000000000000000000000000
000000000000001111111100000000
000000000000011111111110000000
000000000000111111111111000000
000000000000111100001111100000
000000000001111100001111100000
000000000001111100000111100000
000000000001111000000111110000
000000000001111000000111111000
000000000001111000000111110100
000000000001111000000111111101
000000000001111000000111111001
000000000001111100000111100000
000000000001111100000111100000
000000000000111100000111100000
000000001100111100001111100000
100110001101111111111111000000
100000001111111111111111000000
000000011111111111111111111100
100000011111110000000000011000
000000000000000000000000010000
000000000000001110000000100000
000000000000001110000000000001
000000000000000000000000000011
000000000000000000000000000011
000010001000000000000000000011
