000000000000000000000000000000
000000000000000000000000000000
000000000000000000000000000000
000000000000000000000000000000
000000000000000000000000000000
000000000000000000000000000000
000000000000000000000000000000
000000000000000000000000000000
000000000000000000000000000000
000000000000000111111100110000
000000000000001111111110100000
000000000000111111111111000000
000000000001111110011111000000
000000000000111100001111100000
000000000000000000001111100000
000000000000000000001111000000
000000000000000000011111000000
000000000000000001111111000000
000000000000000011111110000000
000001100000000111111100000000
000000000000011111111000000000
000000000000111111100000000000
000000000000111111000000000000
000000000001111110000000000000
000000000001111100000000000000
000000000001111100000000000000
000000000001111111111111000000
000000000001111111111111100000
000000000000111111111111000000
000000000000011000000000000000
