111000110000000011001000000000
111000100000000011100000000000
010000000000000011110000000000
011000000000000001111000000000
111111000000000000001100000000
111111110000000010001100000000
110001110000011111111010000000
110000100011111111111111000000
000000000111111111111111000000
000000001101111100111111110000
000000001110111001111111111000
000000000101110001111111111000
000000000001100011111111000000
000000000001100100111110000000
000000000011011011111110000000
000000001101111011111110000000
000000001111011111111110000000
000000000111111111110100000000
000000000011111111110100000000
000000000101111111101111000000
000000000111111111111111000000
000000000011111111111110000000
000000000000000011111100000000
000000000000000010111110000000
000000000000000000011111000000
000000000000000000111100010000
000000000000000000011000011000
000000000000000000000001111000
000000000000000000000001110000
000000000000000010010101110000
