000001100000000000001010011000
000000000000000000001111100110
000000000000001000001011111111
000000000000000100000111011110
000111000000010110000110011010
001111100001111111111111010100
011111100001111111111000111011
000111000000111100111100010011
000000000000010011111110111100
000000000000001001111110010110
000000000000000000111100010010
000000000000000001111100000011
000000000000000111111111000011
000000000000001111111011000000
000000000000001111111110000000
000000000011111100111100000000
000111111000100000001100000000
001111110000000000001110000010
001110011110000000001110010100
000100011011000000011110011100
000010011111100110111100001100
000000011011111111111110000101
000000011111111111110110011110
110000001100000110000000011111
100000000000000000000000000000
110000000000000000000000000000
010000000000000000000000000000
110000000000000000000000000000
111000000000000000000000000001
100100000000000000000000000001
