000000000000000000000000000000
000000000000000000000000000000
000000000000000000000000000000
000000000000000000000000000000
000000000000000000000000000100
000000000000000000000000111110
000000000000000000100000111100
000000001000011111010000000001
011110001000011111111100000001
101110000000111110111111000000
000000001100110110011111000000
000000000100111111111110000000
000000000000111110111110000000
000000000000000100001110000000
000000000000000000011100000000
000000110000000001111000010101
000000100000110011111101111011
000000000000110001111111110000
000000000001111001100111000000
000000000011110000000111000000
100011000001110000000111000000
100000000001111000000111000000
000000000000111100011110000000
000000000000011111111100000000
000000000000000111111000000000
000000000000000000000000000000
001100000000000000000000000000
001100000000000000000000000000
001000000000000000000000000000
111111111111111111111111111111
