000000000001000000000000000000
000000000000000000000000000000
000000000000000000000000000000
000000000000000000000000000000
000000000000000000000000000000
000000000000000000000000000000
000000010000000000000000000000
000000111000000000000000000000
000000111000000001010000000000
111100111111101110100000011111
111101111111011111000000101111
000000100011111111000000100110
000000000000100111111111011000
000000000011110111111110001111
000000000011100001100111111111
000000000000000000100000111000
000000000000000001000000010000
000000000000000011000000000100
000000000000000110000000001000
100000000000001110000000011000
000100000000011100000000011000
000000000000011000000000000000
000000000000000000000000000000
010000000000000000000000000000
110000000000000000000000000000
100000000000000000000000000000
100000000000000000000000000000
000000000000000000000000000000
000000000000000000000000000000
100000000000000000000000000000
