000000000000000000000000000000
000000000000000000000000000000
000000000000000000000000000000
000000000000000000000000000000
000000000000000000000000000000
000000000000000000000000000000
000000000000000000000000000000
000000000000000000000000000000
000000000000011111111111100000
000000000000011111111111100000
000000000000000000001111100000
000000000000000000001111100000
000000000000000000001111100000
000000000000000000001111100000
000000000110000000011111000000
000000000110000000011111000000
000000000110000000111110000000
000000000000000000111100000000
000000000000000001111001000000
000000000000000001111000000000
000000000000000001111100000001
000000000000000001111000000000
000000000000000011111100000000
000000000000000011111000000000
000000000000000011111100000001
000000000000000011111000000000
000000000000000001110000000000
000000000000000000000000000000
000000000000000000000000000000
000000000000000000000000000000
