000000000000000000000000000000
000000000000000000000000000000
000000000000000000000000000000
000000100000000000000000000000
100000000000011100000000000000
100000111000101000001000000000
110000000001111111111100000000
000000000000001011101100000000
000000000000000000010100000000
000000000000000000000010111000
000000000000000000000001011000
000000000000000000100000000000
000000000000000001110000000000
000000100000000001100000000000
000001100000000001100000000000
000000000000000111000000000000
000000000000000111100000000000
000000010011001111100000000000
000100111111100110000000000000
011100110110011100000000000000
111000000000001100000000000000
100000000000011100000000000000
000000000000001100000000000000
000000000000000000000000000000
000000000000000000000000000000
000000000000000000000000000000
000000000000000000000000000000
000000000000000000000000000000
000000000000000000000000000000
000000000000000000000100000000
