000000000000000000000001000000
000000000000000000000000000000
000000000000000000000000000000
000000000000000000000000000000
000000000000000000000000000000
000000000000000000000000000001
000000000000000011100000000001
000000000000000111111000000000
000000000000000111111100000000
000000000000010000001000000000
000000000000101000000110000000
000000000000110000001110000000
000000000000110000001110000000
000000000000011000001110000000
011000000000000110110100000000
000000000000001111111000000000
000000000000011111111100000000
000000000000111000001110000000
000000000000110000000111000000
000000000000110000000111000000
000000000000110000000111000000
000000000000111000001111000000
000000000000011111111110000000
000000000000001111111100000000
000000000000000000110000000000
000000000000000000000000000000
000000000000000000000000000000
000000000000000000000000000000
000000000000000000000000000000
000000000011000001000000000000
