000000000000010000001100000000
000000000000000000000000000000
000000000000000000000000000000
000000000000000000000000000000
000000000000000000000000000000
000000000000000000100000000000
000000000000000011100000000000
000000000000000111000000000000
000000000000001100000000000000
000000000000001100000000000000
000000000000000000000000000000
000011100000000000000000000000
001111000000011111110000010000
001100000000111111110000000000
000000000000111111100000000000
000000000000011101111000000000
000000000000000001111000000000
000000000000000111111000000000
000000000000011111111000000000
000000000001101111111110000000
000000000001110111111110000000
000000000001110111111010111000
000000000001111111111101110000
000000011001111111110000000000
000000111000111110110000000000
000000110000011000000000000000
000000000000000000000000000000
100000000000000100000000000000
000000000000001100000000000000
000000000000001100000000000000
