000000000000000000000000000000
000000000000000000000000000000
000000000000000000000000000000
000000000000000000000000000000
000000000000000000000000000000
000000000000000000000000000000
000000000000000000000000000000
000000000000000000000000000000
000000000000000000000000000000
000000000000000000000000000000
000000000000000000000000000000
000000000000000001100000000000
000000000000001111110000000000
000000000000011111111000000000
000000000000111111111100000000
000000000000011100111100000000
110000000000000000111100000000
100000000000011111111000000000
000000000000111111111000000000
000000000001111111111000000000
000000000001111101111000000000
000000000011111011111000000000
000000000011111111111000000000
000000000001111111111000000000
000000000000111101110000000000
000000000000000000000000000000
000000000000000000000000000000
000000000000000000000000000000
000000000000000000000000000000
000000000000000100000000000000
