000000000000000000000000000000
000000000000000000000000000000
000000000000000000000000000000
000000000000000000000000000000
000000000000000000000000000000
000000000000000000000000000000
000000000000000000000000000000
000000000000000000000000000000
000000000000000111110000000000
000000000000001111110001100001
000111001100011000001011010000
000000000011111000001111100000
000000000001110000000110110000
000000000001110000000000010000
000000000001100000000000000000
000000100001100000000000000000
000001100001110000000000000000
000000000000111000000000000011
000000000000111111000000000001
000000000110011111000000000000
000000000000000000000000001100
000000000000000000000000011100
000000000000000000000000011110
000000000000000000000000001111
000000000000000000000000001101
000000000000000000000000000110
000000000000000000000000000011
000000000000000000000000000001
000000000000000000000000000000
000000000001000000000000000001
