000000000000000000000000101100
000000000000000000000001000000
000000000000000000011111000000
000000000000000111111110000000
000000000000000111111111000000
111110000000000111101010010000
011111111100011111110111111100
000001111100011110000001111100
110000000000001100000000110000
101000000000011100000001000000
001100000000111001100000000000
111100000000111110010001100000
011110000011111111110001100000
000100000101111010100000000000
000000000011111011000000000000
000100000011111000100000000000
011100001111000000000000000000
011110011111000111100000000010
000010001111110111100000000000
000000000000011111111110000000
000000000000000100000110000000
000000000000000100000000000101
000000000000000110000000000001
000000000000000011000000000001
010000000000000011100000000000
111000000000000000100000000000
010000001000000000000000000000
000000001100000000000000000000
000000000110000000000000000000
000010001111000000000000000000
