101111101011011010010001100011
001000111101111011111011111100
000011110010011110110000011100
000011111111110001000000001000
000111101010111010100000011100
000110011110101111110001011110
011001111111111111111110100101
110011111010111111111101111100
110111011010001111101011011000
110111100110000111111111000000
111011110000011111111001100000
011011110000111111111111111000
011111101111111111111111111000
111000001111011111111111110000
110001111111011111111111100000
000011111101111111100011111000
000010111111111111000111111110
000011011111111111111111111111
000011111111011111111111111111
000011111110011101111111001111
000011111011111111111111111110
000011100111111111111111111110
000001110101011111111101111000
000001100000000110001100000000
000000000000000000000000000000
000000000000000000000000000000
000000000000000000000000000000
011000000000000000000000000000
111000000000000000000000000000
111100000000000000000000000000
