000000000000000000000000000000
000000000000000000000000000000
000000000000000000000000000000
000000000000000000000000000000
000000000000000000000000000000
000000000000000000000000000000
000000000000000000000000000000
000000000000000000000000000000
000000000001100000000000000000
000000000011100000000000000000
000000000011100000010000000000
000000000001100001111000000000
000000000001111111111000000000
000000000001111110111000000000
000100000111000000011000000000
000000000111100001101000000000
000000000000100011110000001000
000000000000000000000000000000
000000000000000000000000000000
011000000000000000000000000000
011000000000000000000000000000
011000000000000000000000000000
000000000000000000000000000000
000000000000000000000000000000
000000000000000000000000000000
000000000000000000000000000000
100000000000000000000000000000
000000000000000000000000000000
000000000000000000000000000000
000000000000000000000010000000
