000000000000000000000000000000
000000000000000000000000000000
000000000000000000000000000011
000000000000000000000000000001
000000000000000000000000000011
000000000000000000000000000111
000000000000000000000000000011
000000000000000000000000000011
000000000000000000000000000011
000000000000000000000000000001
000000100011100000000000000011
000001110011110000000000000011
001111110001010000000000000000
001110011000110000000000000000
000000000011100000000000000000
000000000011000000000000000000
000000000000000000000000000000
110000000000000000000000000000
110000000000000000000000000000
100000000000000000000000000000
110000000010000000000000000000
110000000101000000000000000000
100000000110000000000000000001
110000000100000000000000000000
000000000000000000000000000000
100000001100000000000000000000
000010001100000000000000000000
001100000100000000001100000000
001010011100000011001100000000
111111111111111110000000010000
