000110100000000000000000000000
000000000000000000000000000000
000000000000000000000000000000
000000100000000000000000000110
110000100000000000000000000110
000001000010000000000000000111
000001100111001111000000000111
000001100111001111000000000111
000000000000000111100000001111
000000000000000111100000001111
000000000000001111110000011001
000001100000001101110000111001
000001100000001100111000110001
000000000000001100011111100001
000000000000001100001111100001
000000000000011100001111000001
000000000000011000000111000000
000000000000011000000111000000
000000000000011000000110000000
000000000000111000000000000000
000000000000110000000000000000
000000000000000000000000000000
000000000000000000000000000000
000000000011000000000000000000
000000000011000011001111110000
000000000011100001001111110000
000000000001000000001100000000
000000000000000000000000000000
000000011000000000000000000000
000011110100100000100000000000
