000100000000000000000000000000
000000000000000000000000000000
000000000000000000000000000000
000000000000000000000000000000
000000000000000000000000000000
000000000000100110000000010000
000000000000111111000000111111
000000000000111111000001111111
000000000000111111000001111111
000000000000011111101111111111
000000000001110101011111111111
000000000001111111111001111111
000000000001111111111011010111
000000000000111111111011111111
000000000000111111110111111111
000000000000111111110111101111
000000000001111101111111101111
000000000001111101111111101111
000000000001111111111111101110
000000000000101011111011011100
000000000001111100111111011111
000000000001111100111111111111
000000000001111101111111001111
000000000001111101111110001111
000000000000111011011100000111
000000000000010110111000000000
000100001011110111111000000000
100000000111111110000000000000
100000000000000000000000000000
000000000000000000000000000000
