000000000111000000000000000000
000000000000000000000000000000
000000000000010000000000000000
000000000000001000000000000000
000000000000000000000000000000
000000000110001000000000000000
000000000110000000000000000000
000000000110011000000000000000
000000000110011000000000011000
000000000010110000000000011000
000000000011111010000000011000
000000000000010111000000011000
000000000000100111000000111000
000000000001111110000001111000
000000000011111100000001111000
000000000001000001000000111000
000000000000000001100000011001
000000000000111001100000000001
000000000000111000001110000011
000000000000111001001100101100
000000000110011011101111101111
000000000111110111110101011111
000000000011111011110001111110
000000000000110011110000111100
000000000000000001100000000000
000000000000000000100000000000
000000000000000000100000000000
000000000000000000100010000000
000000000000000000011111000000
000000000000000001111110000000
