000101100000000000000000000000
000000100000000000000000000000
000000000000000000000000000000
000100000000000000000000000000
000110001000000000000000000000
000000011000111110000001110000
000000110001111111000011111000
000001110001111111000011111000
000010111001111111100011111000
001110111001111111110011111000
011101011101111111110011111000
011110100111111111111011111000
111111011111111111111111111000
101111110111111111111111111000
111100100010111111111111111000
101000000001111100111111111000
000000000001111100111111111000
101000001001111100111111111000
100000110001111100001111111000
110000100001111100001111111000
100110000001111100001111111000
000000010000111100000111111000
000000011000111000000011111000
000000000011000000000000000000
000000000001100000000000000000
000000000000110000000110100000
000000000001110000000111111100
111000000001100000101111000000
111000000000000101111001100000
110000000011001110010111101010
