000000000000000000000000000000
000000000000000000000000000000
000000000000000000000000000000
000000000000000000000000000000
000000000000000000010000000000
000000000000000000000000000000
000000000000000000000000000000
000000000000000000000000000000
000000000000000000000000000000
000000000000000000000000000000
000000000000000000000000000000
000000000000000000000000000000
000000000000011111111000000000
000000000000111111111100000000
000000000001111000111110000000
111100010001111000001111000000
111100000011111000010111000000
000000000011111100001111111111
000000000001111000000111111111
000000000000111000000111001000
000000000000111000001111000000
000000000000111011111111000000
000000000000111111111111000000
000000000000111111111000000000
000000000000111001111000000000
000000000000111000111100000000
000000000001111101101110000000
000000000000111001111111100000
000000000000000000110111100000
000000000000110000100011100000
