000000000000000000000000000000
111111100000000000000000000000
111111100000000000000000000000
000000000000000000000000000000
000000000000000000000000000000
000000000000000000000000000000
000000000000000000000000000000
000000000000000000000000001000
000000000000000000000000001000
000000000000000000000000000000
000000000000001110011000000000
000000000000011111111100000000
000000000000011111111000000000
000000000000111111111000000000
000000000000111100001100000000
000000000000111000000000000000
000000000000111000000000000000
000011000000111100000000000000
000011000000111100000000000000
000000000001111100001000000000
000000000001111000000100000000
000000000001111000001100000000
000000000001111000000000000000
000000000000110000000000000000
000000000000000000000000000000
000000000000000000000000000000
000000000000000000000000000000
000000000000000000000100000000
000000000000000000000010000000
000000000000000000000101000000
