000000000000000000000000000000
000000000000000000000000000000
000000000000000000000000000000
000000000000000000000000000000
000000000000000000000000000000
000000000000000000000000000000
000000000000000000000000000000
000000000000000000000000000000
000000000000000000000000000000
000000000000000000000000000000
000000000000001101110000000000
000000000000011111110000000000
000000000000011111000000000000
000000000000011101000000000000
000000000001011111001100000000
000000000011111111001100000000
000000000000111000000000000010
000000000000111000000000000011
000000000001111000000000001110
000000000001110000000001110000
000000000001111000000011100000
000000000001111000000001000000
000000000001111100000000000000
000000000000111000000000000000
000000000000000000000000000000
110000000000000000000000000000
100000000000000000000000000000
000000000001000000000000110000
000000000000000000000000110000
000000000000000000000000110000
