000000111100010000000001011011
000000011000000000000000000000
000000010111100000000000000001
000000000111100000000000000011
000000000100100000000000101001
000000111111111111101111111101
000000010011111111000111111000
000000000000111111001111111000
000000000000111111101111110000
111111000000011111111111100000
011111000000011111111111100000
000010000000001111111111100000
000000000000001111111111000000
000000000000000111111110000000
000001000000000111111111000000
101011100110001111111111000000
000101000011011111111111111111
000000000000011111111111110111
000000000000111111011111110001
000000000000111111111111110001
000000000011111111011111110111
001000000011111111000111111111
011000000011111111000011111100
000000000000000000000000000000
000000000000000000000000000000
000000000000000000000000000000
000000000000000000000000000000
000000000000000000000000000000
000000000000000000000000000000
000000000000000000000000000000
