100101110010100000010011000000
101111110011000000000000000000
111001100010000000000000000000
100000000000000000000000000000
100000000000000000001110000000
100010100000000000000100000000
100001000000000000000110000000
000010000000000000001111000000
000100000000011111111111000000
000011000000111111111111100001
000011000000111111111111111010
000011000000111110001111110110
000011000000111110001111110101
000000000000111110011111100011
000000000001111110111111110100
000010000001111110111111111100
000000000001111110111111111110
000000000001111111111111111100
000000000001111111111111111110
000000000001111111101111111100
011100000000111111001111110001
011100000000111111011111111110
111111010000111111111111111100
011111110001111110101111110000
000100101101111111011111111001
000000111111111111111111110100
000001011111111111111111100000
000001110111000111010101000110
000000110100000001100000000110
000000011101010010100000000110
