000000000000000000000000000000
000000000011000000000000000000
000000010111000000000000000000
000000000000000000000000000000
000000000000000000000000000000
000000000000000000000000000000
000000000000000000000000000000
000000000000000000000000000000
000000000000000000000000000000
000000000000000000000000000000
000000000000000000000000000000
000000000000000000000000000000
000000000000000001110000000000
000000000000000111111000000000
000000000000001111111100000000
000000000000011100011110000000
000000000000011000001110000000
000000000000111000000111000000
000000000001110000000111000000
000000000001110000000111000000
000000000001100000000111000000
000000000001100000000111000000
000000000001100000000111000000
000000000001100000000111000000
000000000001100000000110000000
000000000001110000000110000000
000010000001110000001110000000
000000000000111000111100000000
000000000000111111111000000000
010100000000011111110000000000
