011101111111011111110111111101
111111001001110110010110111111
111111110111011110111111111101
111111111111111111111111111111
111110111011110111111110111111
011111110000111111101111111111
101110110000111111010111101110
101111110100111111110111100001
111110111000111101111111000000
111111100011111111000111000000
111100110011111011111111000000
111011101111111111111111000000
001111111111111001111110000000
101000000111111011111111000000
111111000111111111011111000000
111111001111111111111110000000
011101111111111101111111000000
110111111110111111111111000000
111111111000111111100111000000
101111100001111001110011000000
111111111111001111100111000000
011111110111111011101011000000
001011111111111111111011000000
011110111111111111111011000110
011100110000111111111111001111
001100111000111111111111001111
001001111100100001101111100111
011111000110000010000111110011
111111000110001111011100010011
111111000010011011111111111111
