000000000000000000000001100000
000000000000000000000000000000
000000000000000000000000000000
000000000000000000000000000000
110000000000000000000000000000
111000000000000111111100000000
111000000000011111111110000000
111000000000111110111111100000
111000000001111000001111100000
110111000000111100000111100000
101110000001111000000111100000
110110000001111000000111110000
110110000001111000000111110000
100000000001111000000111110000
100000000001111111000011110000
100000000001111000000111110000
000000000001111000000111110000
000000000001111000000111100000
000000000000111100000111100000
000000000000111110001111100000
000000000000111111111111000000
000000000000011111111110000000
000000000000001111111100000000
000000000000000111111100000000
100000000000000000000000000000
000000000000000000000000000000
000000000000000000000000000000
000000000000000000000000000000
000000000000000000000000000000
000000000000001000000000000000
