000000000000000000000000000000
000000000000000000000000000000
000000000000000000000000000000
000000000000000000000000000000
000000000000000000000000000000
000000000000000000111000000000
000000000000000011111100000000
000000000000000111111011000000
000000000000000111000111100000
000000000000001110000111100000
000000000000011100000111100000
000000000000011100000111100000
000000000000011100000111100001
000000000000111100000111100000
000000000000111000000111000000
000000000000111000000111000000
000000000000111000001111000000
000000000000111001111111000000
000000000001111101101110000000
000000000000111000011110000000
000000000000111100111100000000
000000000000001101111000000000
000000000000001111110000000000
000000000000000111100000000000
000000000000000000000000000000
000000000000000000000000000000
000000000000000000000000000000
000000000000000000000000000000
000000000000000000000000000000
000000001000000000000000000000
