000000000000000000000000000000
000000000000000000000000000000
000000000000000000000000000000
000000000000000000000000000000
000000000000000000000000000000
000000000000000000000000000000
000000000000110000000000000000
000000000001111000000000000000
000000000000110000000000000000
000000000000000000000000000000
000000000000000000000000000001
000000000000000010000000000000
000000000000000001100000000000
000000000000000001100000000000
000000000000000001100000000000
000000000000000001111000000000
000000000000000000110000000000
000000000000000000000000000000
000000000000000000000000000000
000000000000000000000010000000
000011000000000000011010000000
000011101111100001010000000000
000000000111100011100000000000
000000000000000000000000000000
000000000000000000000000000000
000000000001000000000000000000
000000000110001100000000000000
010000000000011000000000000000
110000000000010000000000000000
110100000000101100000000000000
