000000000000000000000000000000
000000000000000000000000000000
000000000000000000000000000000
000000000000001100000000000000
000000000000001011111100000000
000000000000001111111110000000
000000000000001111001111000000
000000000000011100000011100000
000000000000111000000001100000
000000000000111000000001110000
000000000000111000000001110000
000000000000110000000000110000
000000000000110000000000110000
000000000000110000000000110000
000000000000110000000000110000
000000000000110000000000110000
000000000000110000000000110000
000000000000111000000001110000
000000000000111000000001110000
000000001100111000000001100000
000000000000011100000011100000
000000000000001111011111000000
000000000000000111111111000010
000000000000000011111100000000
000000000000000000000000000000
000000000000000000000000000000
000000000000000000000000000000
000000000000000000000000000000
000000000000000000000000000000
000000000000000000000000000000
