000011110000000010100101110000
000001000000111000100001000000
000110000001011111111110110000
001110000000000111111111111100
000100000000000001111011101111
000000000000000011111110011100
100000100000001111111100001000
000001100000011100011110000000
000001000000011000000111000000
000000000000111000000111000000
000000000000111000000111000000
000000000000110000000011000000
000000001100110000000011000000
000001101110110000000011000000
100011100100110000000011100000
000011100000110000000011100000
000011000000110000000011000000
000011000000110000000111000000
000000000000111000000111000000
000000000000011100000111000000
000000000000011110001111000000
000000000000011011111110000000
000000000000000001111100000000
011000000000000000000000000000
011000000000000000000000000000
011000000000000000000000000000
000000000000000000000000001100
000000000100000000000000001000
000000000100000000000000000000
000000000100111000000000001001
