000000000000000000000000000000
000000000000000000000000000000
000000000000000000000000000000
000000000000000000000000000000
000000000000000000000000000000
000000000000000000000000000000
000000000000000000011111000000
000000000000000000111111100000
000110000000000001100011110000
000100000000000011000001111100
000000000000000111000001111110
000000000000000110000001110010
000000011000001110000001100001
000000000000001100000000000000
000000000000001000000000000000
000000000000001000000000000000
000000000000000100000011000000
000000000000000000000000000000
000000000000001100000000000000
000000000000001110011000000000
000000000000001111111000000000
000000000000000111110000000000
000000000000000001000000000000
000000000000000000000000000000
000000000000000000000000000000
000000000000000000000000000000
000000000000000000000000000000
000000000000000000000000000000
000000000001000000000000000000
000000000011000000000000000000
