000000000000000000000000000000
000000000000000000000000000000
000000000000000000000000000000
000000000000000000000000000000
000000000000000000000100000000
000000000000000000000000000000
000000000000000000000000000000
000000000000000000000000000000
000000000000001111100000000000
000000000000011001110000000000
000000000000010000110000000000
000000000000100000010000000000
000000000000000000011000000000
000000000000000000011100000000
000000000000000000011100000000
000000000011000000001000000110
000000000011000000000000000000
000000000011000000000000000000
000000000011000000011000000000
000000000001100000011000000000
000000000001100000000000000000
000000000001110000000000000000
000000000000111001100000000000
000000000000011111100000000000
000000000000001110000000000000
000000000000000000000000000000
000000000000000000000000000000
000000000000000000000000000000
000000000000000000000000000000
100000001000000000000000000000
