000000000000000000000001000000
000000000000000000000000000000
000000000000000000000000000000
000000000000000000000000000000
000000000000000000000000000000
000000000000000000000000000000
000000000000000000111111000000
000000000000000001111111100000
000000000000000011110011110000
000000000000000111100011110000
000000000000000111000011110000
000000000000001111000011110000
001100000000001110000011110000
001100000000001110000011110000
000000000000011110000011100000
000000000000011100000011100000
000000000000001000000011100000
000000000000010000000111100000
000000000000111111110111000000
000000000001101111011010000000
000000000000001111111000000000
000000000000000111110000000000
000000000000000000000000000000
000000000000000000000000000000
000000000000000000000000000010
000000000000000000000000000000
000000000000000000000000000000
000000000000000000000000000000
000000000000000000000000000000
000000000000000000000000000000
