000000000000000000000100000000
000000000000000000000000000000
000000000000000000000000000000
000000000000000000000110000000
000000000000000000000110000000
000000000000000000000000000000
000000000000000000000000000000
000000000000001111111000000000
000000000000011111111100000001
000000000000111101111100000000
000000000000111001101110000000
000000000000110001100111000000
100000000001110000000110000000
100000000001110000000110000000
000000000001100000000111000000
000000000001100000000111000000
000000000001100000000110000000
000000000001100000000110000000
000000000001110000000110000000
000000000001110000000110000000
001100000001111000001110000000
001100000000111000001110000000
001000000000111100111100000000
000000000000011011111000000000
000000000000000111110000000000
000000000000000000000000000000
000000000000000000000000000000
000000000000000000000000000000
000000000000000000000000000000
000000000000000000000000000000
