000000001101111110010100010110
000000001111111101101011000001
000000000111110110111111000001
000000000111111101101100000000
110010001011010100111101110000
111111001101100111111111110000
110111111111111111111110110000
111111111111111111111111111000
000000001111111111111111010000
000000001110111111111111100000
000000001001111111111011111100
000000000110111111110111111111
000000000111110001111011111101
000000000011110000111111111000
000000001111110001111111101001
000000000111111001010111100100
000000000011111111111111110001
000000000111111111011111110000
000000000111111011111111100000
000000000011111111111111000000
000000000111111111111111000000
000000000111111111111110000000
000000001111111111111100000000
000000001111111011111000000000
011101111111100000000000000000
111111101111011000000000000000
101111111110111100000000000000
111111111111111000000000000000
111101111110000000000000000000
101001011111001100000000000000
