000000000000000000000000000000
000000000000000000000000000000
000000000000000000000110000000
000000000000000000001110000000
000000000000000000000110000000
000000000000011111111110000000
000000000000111111101010000000
000000000001111011110110000000
000000000001110000110110000000
000000000001110000110100000000
000000000001100000111100000000
000000000001100000111000000000
000000000001100000111000000000
000000000001100000111000000000
000000000001100000011000000000
000000000001100000011000000000
000000000001100000011000000000
000000000001100000111000000000
000000000001100000111000000000
000000000001100000111000000000
000000000001110000111000000000
000000000001110000110000000000
000000000000111111110000000000
000000000000111111100000000000
000000000000011111000000000000
000000000000000000000000000000
000000000000000000000000000000
000110000000000000000000000000
100110000000000000000000000000
001100000000000000000000000000
