000000000000000001001000000100
000000000000000000000000000000
000000000000000000000000000000
000000000000000000000000000000
000001100000000000000000000000
000001100000000000111000000000
000000000000001100011100110000
000000001000001100000110100000
000000011000001000000111000000
000000000000000000000111000000
000000000000010000000011000000
000000000000110000000011000000
000000000000101000000011000000
000000000000111000000011100000
000000000000111000000011100000
000000000000111000000011000000
000000000000011000000011000000
000000000000011000000011000000
000000000000011000000011000000
000000000000000000000110000000
000000000000001110001110000000
000000000000001110001110000000
000000000000000110001100000000
000000000000000000000000000000
000000000000000000000000000000
000000000000000000000000000001
000000000000000000000000000001
000000000000000000000000000000
000000000000000000000000000000
000001000000000000000000000000
