000000011000000000000000000000
000000000000000000000000000000
000000000000000000000000000000
000000000000000000000000000000
000000000000000000000000000000
000000000000000000000000000000
000000000000000000000000000000
000000000000000000000000000000
000000000000000000000000000000
000000000000000000011010000000
000000000000000011111111000000
000000000000011111111111110001
000000000000011111111111110011
000000000000111111101111110011
000000000000111111000001111000
000000000111111111001001111000
000000001101111010011000111100
000000000001111110000001111000
000000000011111100000001111000
000000000011111101000011111000
000000000000111111101111110000
000000000000111111111111100001
000000000000011111111111000011
000000000000011011111111000011
000000110001100001000000000000
100000110001000000000000000000
000000100000000000000000000000
000000000000000000000000000000
000000000000000000000000000000
100100000000000000000000000000
