000000000000000101010000000000
000000000000000000000000000000
000000111011100000000000000000
000000010110000000000110000000
000000000110000111111110000000
100011101101001111111111000000
000111111111111111011111100000
000000001111111111111111100000
000000000000111000000001111100
100000000000111000000001111000
100000000000111000000001110000
100000000000111000000001110000
110000000000110000000011110000
100000000000110000000000110000
000100000000110000000000110000
000000000000110000000000110000
000000000001111000000001110000
010000000001111000000001110000
111000000001111000000001110000
011000001000111111000001110000
000000111000011111000111100000
000000011111011111001111100000
000000000111111111111111000000
000000000000001111111100000000
000000000000000111110000000000
000000000000000000111100000000
000000000000000000001011111000
000000000000000000000001011000
000000000000000000000000000001
000000000000100000010000000010
