011101101000000000111110000000
011111111000000011110011000000
000011111100100111100000001110
100110101101110111000000001111
110100000100111100010000011001
111000001100001011110110110000
000000011000001111111111010000
000100000000011111111110110000
001110000011111111111110000000
111100001111111111111111000000
010001011001111111111111100000
100000111011111111001111100000
100000011111111011001111100001
111000010111111001001111100000
111000001111111100001111100000
110000000111111000001111100000
111000001101111000011111100000
110000000111111110011111110000
110000011011111100011111011000
111000011011111101011111101100
110000000101111111111111100100
111000000000111110111111111110
111000000001111111111111110011
111100000000011111111100000111
111101000000011111111110001110
011111100000111111111110001111
001111111101111111001000000000
011111101100111011110000000000
001100000000000000110000000000
001101001000000001110100100010
