000011001100101110100000001000
000000000000001101100000000000
000000000000011011000011000000
000000000000011000000000000000
000000000000011000000000000000
000000000000000111111100000000
000000111110001111111000001000
000000111110011111111110011100
000000011100011111111110011100
000000001000011111111110011110
000000000000111111111111001100
000000000000111111011111000000
000000000000111111111111000000
000000000001111101011110000000
000000000001111000111110000001
000000000111111100111101000011
000000011111111011111110101110
100111111101111111111111111110
111111010111111010111101011001
111101100101111100111111101101
111001111111111111111110111011
001011101001111111111110111111
110101111101111111111111111111
111111011010111111111001110111
111111111111111111111110100010
000011111111111111111111110011
000011111111111101010011111111
000001110111111111111001100110
000011111011111011110011111111
111110111001110111100111111110
