000000000000000000000000010000
000000000000000000000000000000
000000000000000000000000000000
000000000000000000000000000000
000000000000000000000000000000
000000000000000000000000010000
000000000000000111110000011000
000000000000001111111000000001
000000000000011100011100000000
011000000000011100011110000000
011000000000011000001110000000
010000000000111000000110000000
000000000000111000000110000000
000000000000111000000110000000
000001100000111000000110000000
000000100000111000001100000000
000000000001111000011110000000
000000000011010100010110000000
100000000011001110011100000000
000000000001001111111000000000
000000011001100111100000000000
000000011001110101110010000000
000000000000001011001100000000
110000000000000000000000000000
110000000000000000000000000000
100000000000000000000000000000
000000000000000000000000000000
000000000000000000000000000000
000000000000000000000000000000
000000000000000000000000000000
