000000000000000001010001001110
000000000000000011101000000000
000000000000000101110000000000
000000000000000010100000001000
000000000000000011000000000100
000000000000000001000000000010
000000000000000011010000000111
000000000000001101110000000111
000000000000000001100000011111
000000000010000001100001111110
000000001110000011100001111001
000000001100000100100001010111
000000011000001111100000001111
000000011000010111100000000111
000000011000000011110000000000
101111011000000001011000000000
111111111001100000011100000000
110011111001110000100000000000
010111111111110110100000000000
111101101101111111100000000000
101000000110001100111000000000
011000000000001111111000000000
110100100000010001100000000000
011111111000110000000000000000
111011011111111110000000000000
111011011101011111100001111101
111111111111110011010001111110
010101111101000010000000000000
000111101110000100000100000000
100111000000110000001110110000
