000000000000000000001000000000
000000000000000000000000000000
000000000000000000000000000000
000000000000000000000000000000
000000000000000000000000000000
000000000000000000000000000000
000000000000000000000000000000
000000000000000000000000000000
000000000000000000000000000000
000000000000000000000000000000
000000000000001100011000000000
000000000000011000001100000000
000000000000111000001100000000
000000000001111000001110000000
000000000001110000000110000000
000000000001100000000110000000
000000000001110000000110000000
000000000001110000000110000000
000000000001100000000110000000
000000000001110000000110000000
000000000001110000000110000000
000000000000110000001110000000
000000000000110000001100000000
000000000000011000001100000000
000000000000000000010000001100
000000000000000000000000000000
000000000000000000000000000000
000000000000000000000000000000
011000000000000000000000000000
010000000000000001000000000000
