000000000000000000000000000000
000000000000000000000000000000
000000000000000000000000000000
000000000000000000000000000000
000000000000000000000000000000
000000000000000011111000000000
000000000000000111111100000000
000000000000001100001110000000
000000000000011000000111001100
000000000001111000000111111100
000000001101111000000011000000
000000001110110000000011000000
000000000000110000000011000000
000000000000110000000011000000
000000000000110000000011000000
000000000000110000000011011000
000000000000110000000011011000
000000000000110000000111100000
000000000000110000000011000000
000000000000011000000110000000
000000000000000000000110000000
000000000000000000000110000000
000000000000000000000000000000
000000000000000000000000000000
000000000000000000000000000000
000000000000000000000000000000
000000000000000000000000000000
000000000000000000000000000000
000000001100000000000000000000
000000001100000000000000000000
