000000000000000000000000100000
000000000000000000000000100000
000000000000000000000011100000
000000110000000000000011000000
000000000000000011111100000000
000000000000000111111110000000
000000000000001111001111001110
000000000000011100000011111110
000000000001111000000001110111
000000000001111000000001100011
000000000000111000000000110001
000000000000110000000001110011
000000000000110000000001110011
000000000001110000000011111011
000000000001110000000001111110
000000000001110000000000111010
000000001001111000000000111110
000000000000111100000111110110
000000000000111000000111100010
000000000000111000000010110000
000000000000010010000011111110
000000000000001111000111110111
000000000000000111111110110010
000000000000000011111111100000
000000000000000000111001000000
111111111000000010110111111000
111110011000000111001111011100
011000001000000110011111001111
001111010000000000001101111111
010111110010001100111011011101
