111000000000000000010100000000
000000000000000000001000000000
000000000000000000000000000000
000000000000000000000000000000
000000000000000000000000000000
000000000000000000000000000000
000000000000000000000000000000
000000000000000000000000000000
000000000000000000000000000000
000000000000000000000000000000
000001000000000010001000000000
000011100010000101000000000000
000011000000001111100000000000
000000000010001010000000000000
000000000000000100000000000000
000000000000000000000000000000
000100000000000000000100000000
000100000100100001001110000000
100000000101000000100111000000
000000001011100000000111000000
010010011000100000001100000000
110111011001000000000110100000
111111111110001100100011110000
111111111111111101110111111111
000000000011100000100111111111
000000000001000000001100000000
000000000000000000010000000000
000000000011000001110000000111
000110000011000011110000000011
000110000001001101100000000001
