000000000000000000000000000000
000000000000000000000000000000
000000000000000000000000000000
000000000000000000000000000000
000000000000000000000000000000
000000000000000000000000000000
000000000000000000000000000000
000000000000000000000000000000
000000000000000000000000000000
000000000000000000000000000000
000000000000000111110000000000
000000000000001111111000000000
000000000000111111011100000000
000000000000111100000110000000
000000000000111000001110000000
000000000001110000000111000000
000000000001110001000111000000
000000000001100000000110000000
000000000011100000001110000000
000000000011110000111100000000
000000000011100011111000000000
000000000011110111110000000000
000000000111111110000000000000
000000000000000000000000000000
000000000000000000000000000000
000000000000000000000000000000
000000000000000000000000000000
000000000000000000000000000000
000000000000000000000000000000
000000000100000000000000000000
