000000000000000000000001000000
000000000000000000000000000000
000000000000000000000000000000
000000000000000000000000000000
000000000000000000000000000000
000000000000000000000000000000
000000000000000000111111100000
000000000000000001111111100000
000000000000000011110011110000
000000000000000011100001110000
000000000000001111000101110000
000000000000001111001111111000
000000000000001110011111110000
000000000000001111110001110000
000000011000011110100011110000
000000011000011110000011100000
110000000000011100000011100000
100000000000011110000111000110
000000000000011110001110000100
000000000000001110011110000000
000000000000001111111100000000
000000000000000111111000000000
000000000000000000000000000000
000000000000000000000000000000
000000000000000000000000000000
000000000000000000000000000000
000000000000000000000000000000
000000000000000000000000000000
000000000000000000000000000000
000000000000000000000000000000
