000000000000000000000000000000
000000000000000000000000000000
000000000000000000000000000000
000000000000000000000000000000
000000000000000000000000000000
000000000000000000000000000000
000000000000000001000000000000
000000000000000011000000000000
000000000000000000000000000000
000000000000000000000000000000
000000000000000000000000000000
000000000000000000000000000000
000000000000011000000000000000
000000000000011000000000000000
000000000000010000000011000000
000000000000110000000011000000
000000000000111000000000000000
000011000000010000000000000000
000011000000010000001110000000
000000000000000000001100000000
000000000000010000001000000000
000000000000000000010000000000
000000000000000110110000000000
000000000000000111100000000000
000000000000000000000000000000
000000000000000000000000000000
000000000000000000000000000000
000000000000000000000000000000
000000000000000000000000000000
000000000000011000000000000000
