000000000000000000000100000000
000000000000000000000000000000
000000000000000000000000000000
000000000000000000000000000000
000000000000000000000000000000
000000000000000000000000000000
000000000000000000000000000000
000000000000000000000000000000
000000000000000000000000000000
000000000000000000000000000000
000000000000000011110000000000
000000000000000111111000000000
000000000000001110011100000000
000000000000011100001110000000
000000000000111000000110000000
000000000000110000000110000000
000000000001010000000110000000
000000000001100000110110000000
000000000001000000110110000000
000000000001000000111100000000
000000000001000001111000000000
000000000001111111100000000000
000000000000111110000000000000
000000000000000000000000000000
000000000000000000000000000000
000001000000000000000000000000
100001000000000001000000000000
000001000000000011000000000000
000000000000000011000000000000
100010000000110010000000000000
