000000100000100000001001001000
000000000000000000000000100000
000000000000000000000111100000
000000000000000000001111000000
000000000000000000001110000000
000000000000000000001110000000
000000000000000000000110000000
000000000000000000000010000000
100000000000000111111000000000
110011100000011111111110000001
010011111100011111111110000000
000011101110111110111110000000
000110011011111000001111000000
001110001001111000001111000000
011110000011111110001111000000
111100000001111110001111000000
110000000011110111011111111000
110000000111110101001111111100
100000000111110000001111101010
011000000011110000001111000110
011000010111110011001111001110
110000100011111011101111001111
110011000001111011001111000000
100001100001111111111110000000
111111000010111111111100000000
111111111101111111111111100000
011011111111111111110111000000
111111111111111111111111101110
111111111110011011101111111111
010010111111111111111111001110
