110010010000000000000100000000
110011010000000000000000000000
100010111000000000000000000000
100001110100000000000000000000
000000111100000000000000000000
000000111000000001000000000000
010000010000000010100000000000
100000000000001111111000000000
000000000000011111111110000000
000000000000111111111110000000
000000000001111111011110000000
000000000001111001111110010000
000000000001110000111110110000
000000000001111000001111100001
000000000001101000000111000111
000000000001110000001111000000
000000000001110000001111000001
010010000101111110000111001111
001101111111110110111111101111
001101111111110011111111111011
110100101111111111101111011110
111101011111111110101110101111
101111001110111100111100111111
111110001100011111111100110110
100010000110001111111001101101
000011111110000000000000010100
001110111110000000000000000000
001011011101100001100001000110
000111110111110000110001100110
111110011111111111111111110110
