100000010000000000000000000000
000000100000000010000000000000
000001100000000111000000000000
000011100000001110000000000000
000011000000001010000000000000
000000000000000110000000000000
000000000000000000000000000000
000000000000000000000000000000
010000000000000111000000000000
110000000001111111000000000000
100000000001111111000000000000
000000000000000111000000000000
000000000000000111000000000001
000000000000000110000000000011
000000000000000100000000000111
000000000000000110000000000111
000000000001000010000000000111
000000000011000011000000001110
110000000000001111000000010100
110000000000001100000000011100
010000000000000100000000011100
100000000000000111000000000010
000000000000001111000000000110
000001100000001111000000000100
000011100000000111000000000000
000001000000000010000000000000
000000000000000000000000000000
000000000000000000000000000000
000000000000000000000000000000
000000000000000000000000000000
