000000000000000000000000000000
000000000000000000000000000000
000000000000000000000000000000
000000000000000000000000000000
000000000000000000000000000000
000000000000000000100000000000
000000000000000001110000000000
000000000000000011110000000000
000000000000001111110000000000
000000000110011111110000000000
000000000111111101110000000000
000000000000110001110000000000
000000000000000001110000000000
000000000000000011110000000000
000000000000000111111000011000
000000000000000011110000111000
000000000000000001110000000000
000000000000000001110000000000
000000000000000001110000000000
000000000000000001110000000000
000000000000000001110000000000
000000000000000001110000000000
000000000000000001110000000000
000000000000000000100000000000
000000000000000000000000000000
000000000000000000000000000000
000000000001100000000000000000
000000000001100000110000000000
000000000000000000110000011000
000000000000000001000000010000
