000000000000000000000000000000
000000000000000000000000000000
000000000000000000000000000000
000000000000000000000000000000
000000000000000000000000000000
000000000000000000000100000000
000000000000000000001110000000
000000000000000000011110001100
000000000000000001011110000000
000000000000000111111100000000
000000000000001111111000000000
111110100000001110010100000000
111111000000001011111111000000
000000000000001110101000000000
000000000000000000111000000000
000010000000000001111000000000
000110000000000001111000000000
000110000000000001111000000000
000000000000000001110000000000
000000000000000001110000000000
000000000000000001110000000000
000000000000000011110000000000
000000000000000011110000000000
000000000000000011100000000000
000000000000000001000000000000
000000000000000010000000000000
000000000000000000000000000000
000000000000000000000000000000
000000000000000000000000000000
000000000000000000000000000000
