000000000000000000000000000000
000000000000000000000000000000
000000000000000000000000000000
000000000000000000000000000000
000000000000000000000011000000
000000000000000000001111100000
000000000000000001111111000010
000000000000000000111110000000
000000000000000000100110000000
000000000000001111111000000000
000000000000011111111100001000
000000000000011111111100001100
000000000000001100111100000001
000000000000000001111100000001
000000000000000001111100000000
000000000000000001111100000000
000000000000000001111000000000
000000000000000001111000000000
000000000000000001111000000010
000000000000000011111000000000
000000000000000011110000000000
000000000000000010110000000000
000000000000000011110000000000
000000000000000001100000000000
000000000000000000000000000000
000000000000000000000000000000
000000000000000000000000000000
000000000000000000000000000000
000000000000000000000000000000
000000000000000000000000000000
