000000000000000000000000000000
000000000000000000000000000000
000000000000000000011000000000
000000000000000000011000011000
000000000000001000000000011000
000000000000000000000000000000
000000000000000000110000000000
000000000000000001110000000000
000000000000000011110000000000
000000000000000111110000000000
000000000000001111110000000000
000000000000011111110000000000
000000000000011101100000000000
000000000000001101110000000000
000000000000000111111000000000
000000000000000011110000000000
000000000000000011100000000000
000000000000000011100000000000
000000000000000011100000000000
000000000000000111000000000000
000000000000001111000000000000
000000000000000011000000000000
000000000000000111000000000110
000000000000000111000000000110
000000000000000110000000000000
000000000000000000000000000000
000000000000000000000000001100
000000000000000000000000001111
000000000000000000001000000000
000001100000000000010000000000
