010000000000011110000000000000
000000000000000000000000000000
000000000000000000000000000000
000000000000000000000000000000
000000000000000000000000000000
000000000000000000000000000000
000000000000000000000000000000
000000000000000000000000000111
000000000000000000000000000111
000000000000011111101111100000
000000000000111111111111100000
000000000001111111100000000000
000011111000011001100000000000
111111110000000011100000000000
111000000000000011110000000000
000000000000000011100000000000
000000000000000001100000000000
000000000000000001100000000000
001100000000000001100000000000
101100000000000011100000000000
111100000000000011100000000000
001100000000000011100000000000
000000000000000011100000000000
000000000000000011100000000000
000000000000000011110000000000
000000000000000011110000000000
100000000000000000000000000000
100000000000000000000000000000
100000000000000001100000000000
010000000011110001000000000000
