000000000000010000000000000000
000000000000000000000000000000
000000000000000000000000000000
000000000000000000000000000000
000000000000000000000000000000
000000000000000000001100000000
000000000000000000011110000000
000000000000000000111100000000
000000000000000001111100000000
000000000000000111111100000000
000000000000001111111100000000
000000000000000100011000000000
000000000000000000111000000000
000000000000000000011100000000
000000000000000000111000000000
000000100000000000111000000000
100001010000000000110001100000
100000110000000001110001100000
000000000000000001110000000000
000000000000000001110000000000
000000000000000000100000000000
000000000000000000000000000000
000000000000000001100000000000
000000000000000001110000000000
000000000000000000000000000000
000000000000000000000000000000
000000000000000000000000000000
000000000000000000000000000000
000000000000000000000000000000
000000000000000000000010000000
