011110000000000000000000000000
100110000000000000000000000000
000100000000000000000000000000
000000000000000000000000000000
010010000000000000011000000000
111110000000110000000000000000
110100000000000000000000000000
100000000000000000110000000011
000000000000000000111011100111
110011100000011111111111110000
111111100000111111111100000000
111111000010011111111110000000
000110000000111111011110001100
000110000000111101011101111110
100000001000001000111011011000
000000000000000000110000110000
000000000000000000011000000000
000000000000000000011000000000
000000000000000000011000000000
000000000100000000011000000000
000000011000000000111010000000
000000110000000011011110000000
000000010011000110111110000000
000000111101001111111100000100
100111111110001101011100000000
110111111010000001110000000000
000111100000000001100000000000
000000000000000011000000000000
001011100000000000100000000000
011111010111010011101000000000
