000000000000000001010000000011
000000000000000000100000000010
000000000000000000000000000000
000000000000000000000000000000
100000000000000000100000000000
110000000000011111100000000000
110000001001111111100000000000
000000001111111111010000000000
000000000111111111111101110000
000000000011111111111111111000
000001100000111111111101001100
000000000001111111111101101000
000010000000011111000001000111
000100000000011111100000000011
000000000000011111100000000011
000000000000011111100000000000
000000001110011111000000000000
000000011111011111100000000000
000000111101011111110000000000
000001011111111111110000000000
000000101101011111010000000000
000000011011011111100000000000
100000001110111111100000000000
110011100110110001100000000000
100011111111000000010000000000
000011101000000001110000000000
000011110100100001110001100000
000011101100000000000001100011
000001000000001100000000000011
000000000010001110110000000000
