000000000000000000000000000000
000000000000000000000000000000
000000000000000000000000000000
000000000000000000000000000000
000000000000000000000000000000
000000000000000000000000000000
000000000000000000110000000000
000000000000000001111000000000
000000000000000001111000000000
000000000000000111111000000000
000000000000001111110000000000
000000000000111111111000000000
000000000000111101111000000000
000000000000111001111000000000
100000000000011001111000000000
111110000000000001111000000000
111110011110000001111000000000
000000011110000001111000000000
000000000000000011111000000000
000000000000000011111000000000
000000000000000001111010000000
000000000000000001111101000000
000000000000000000111000000110
000000000000000001110000000111
000000000000000000110000000000
000000000000000000000000000000
000000000000000000000000000000
000000000000000000000000000000
000000000000000000000001000100
000000000000000000000111001010
