000000000000000000100000000000
000000000000000000000000000000
000000000000000000000000000000
000000000000000000000000000000
000000000000000000000000000000
000000000000000000000000000000
000000000000000011000000000000
000000000000011111100000000000
000000000000111111100000000000
000000000000011111110000000000
000000000000001111110000000000
000000000000000111100000000000
000000000100110011100000000000
000000001110110011110000000000
000000000000000111110011000001
000000000000000011100011000001
000000000000000011100000000000
000000000000000011100000000000
000000000000000011110000000000
000000000000000011100000000000
000000000000011110111110000000
000000000000111100011110000000
000000000000110000000000000000
000000000000000000000000000000
000000000000000000000000000000
000000000000000000000000000000
000000000000000000000000000000
000000000000000000000000000000
000000000000000000000000000000
000000000000000000000000000000
