000000000000000000000000000000
000000000000000000000000000000
000000000000000000000000000000
000000000000000000000000000000
000000000000000000000000000000
000000000000000000000000000000
000000000001100000011000000000
000000000000000000111000000000
000000000000000011111000000000
000000000000000111111000000000
000000000000001111111000000000
000000000000011111110000000000
000000000000111111110000000000
000000000000011111110000000000
000000000000000011110000000000
000000000000000011110000000000
000000000000000011100000000000
000000000001000011100000000000
000000000001100011000000000000
000000000000000000000000000000
000000000000000011000000000000
000000000000000111100000000000
000000000000001111100000000000
000000000000000111000000000000
000000000000000110000000000000
000000000000000000000000001000
000000000000000000000000011000
000000000000000000000000000000
000000000000000000000000000000
000000000000000000000000000000
