000000000000000000000000000000
000000000000000000000000000000
000000000000000000000000000000
000000000000000000000000000000
000000000000000000000000000000
000000000000000000000000000000
000000000000000111000000000000
000000000000011111100000000000
000000000000111111100000000000
000000000000011111100000000000
000000000000000011100000000000
000000000000000011100000000000
000000000000000011100000000000
000000000000000001000000000000
000000000000000000000000000000
000000000000000001100000000000
000000000000000011100000000000
000000000000000011000000000000
000000000000000011100110000000
000000000000000011100110000000
000000000000011111111111000000
000000000000011111111110000000
000000000000000000000000000000
000000000000000000000000000000
000000000000000000000000000000
000000000000000000000000001000
000000000000000000000000000000
000000000000000000000000000000
000000000000000000000000000000
000001010000000000000000000000
