000000000000000000000000000000
000000000000000000000000000000
000000000000000000000000000000
000000000000000000000000000000
000000000000000000000000000000
000000000000000000000000000000
000000000000000000000000000000
000000000000000000000000000000
000000000000000110000000000000
000000000010000111100000000000
000000000000001110110000000000
000000000000001111110000000000
000000000000000111100001000000
000000000000000011100000000000
000000000000000001100000000000
000000000000000001100000000000
000000000000000000000000000000
000000000000000000000000000000
000000000000000001100000000000
000000000000000011100000000000
000000000000000011100000000000
000000000000000011100000001000
000000000000000111100000001000
000000000000000111100000000000
000000000000000011100000000000
000000000000000011110000000000
000000000000000000000000000000
000000000000000001000000000000
000000000000000001100000000000
000000000000000001000000000000
