000000000000000001100000000000
000000000000000000000000000000
000001100000000000000000000000
011111000000000000000000000000
111010000000000000000000000000
100000000000000001000000000000
000000000000000011100000000000
000000000000000011000000000000
000000000000000011000000000000
000000000000000000110000000000
000000000000000100110000000000
000000000000001111110000000000
000000000000000111110000000000
000000000000000000110000000000
000000000000000001100000000000
000000000000000011100000000000
000000000000000001100000000001
000000000000000011100000000110
000000000000000011100000000110
000000000000000010000110001100
000000000000000110000000001110
000000000000000111000000001101
000000000000000111000000000100
000000000000000111000000000000
000001100000000010000000000000
000011100000000001000000000000
000011100000000001100000000000
000011100000000000000000000000
000001000000000000000000000000
001001100000000001100000000000
