000000011010000000000000000000
000000000000000000000000000000
000000000011000000000000000000
000000000011000000000000000000
000000000011100000000000000000
000000000011011111100000000000
000000000011111111110000000000
000000000011111011111000000000
000000000001110011111000000000
000000000011100001111000001000
000000000001100000111000011000
000000000000000000111000010000
000000000010000001111000100000
000000000000000001111001100000
000000011000000001110011000000
000000000000000011100110000000
000000000000000111100100000000
000011000000000011000000000000
000011000000011010001000000000
000000000000111110000000000000
000000000001111111000000000000
000000000001111011000001000000
011100000001110001100000000000
011100000011111111111000000000
110100000111111111111000000000
111000000011101101000000000000
000000000001001100000000000000
000000000001111100000000000000
000000000010011100000000000000
000000010110001010101000000000
