000000000000000000000000000000
000000000000000000000000000000
000000000000000000000111000000
000000000000000000111110000000
000000000000001111111110000000
000000000000111111111111000000
000000000000011111100111100000
000000000000001110000001100000
000000000000000100000001110000
100000000000011000000001110000
000000000000111000000001110000
000000000000000000000011100000
000000000000000000000111100000
000000000000000000001111000000
000000000000000000000110000000
000000000000000000000000000000
000000000000000011100000000000
000110000000001111000000100000
000100000000001110000001110000
000000000000011100000001100000
000000000000011100000001000000
000000000000011000000001100000
000000000000111111111111110000
000000000000011111111111100000
000000000000000000000000000000
000000000000000000000000000000
000000000000000000000000000000
000000000000000000000000000000
000000000000000000000000000000
000000000000000000000000000000
