000000000000000000000000000000
000000000000000000000000000000
100000000000000000000000000001
110000000000000000000000000000
000110100000000000000000000000
000111100000000000000000000000
000000000110000000000000000000
000000000111100000000000000000
000000000111110000000000000000
000000000011111001111000000000
000000000000111000111110000000
000000000000111000011110000000
000000000001111000011111000000
000000000001110000001111000000
110000000000000000001110000000
110000000000000000011110000000
000000000000000000011100000000
000000000000000000111100000000
000000000000000001111000000000
000000000011101111110000000000
000000000011010111100000000000
000000000000001111000000000000
000000000000011110000000000000
000000000000111100000010000000
000000000001111000000111100001
000000000000111000000110110001
000000000000000000000000100000
000000000000000000000000000000
000000000000000000000000000000
000000000001100000000000000100
