000000000000000000000000000000
000000000000000000000000000000
000000000000000000000000000000
000000000000000000000000000000
000000000000000000000000000000
000000000000000000000000000000
000000000000000000000000000000
000000000000000000000000000000
000000000000000000000000000000
000000000000000000000000000001
000000000000001111111000000000
000000000000001111111100000000
000000000000000000000110000000
000000000000000000000111000000
000000000000000000000111000000
000000000000000000000100000000
000000000000000000001110000000
000000000000000000001110000000
000000000000000000111100000000
000000000000000001110000000000
000000000000000111100000000000
000000000000001110000000000000
000000000000011100000000000000
000000000000001000000000000000
000000000000000000000000000000
000000000000000000000000000000
000000000000011111000000000000
000000000000011111001001000000
000000000000001111000110000000
000000000000000000000010000001
