000000000000000000000000000000
000000000000000000000000000000
000000000000000000000000000000
100010000000000000000000000000
110000000000000000000000000000
100000000000000000000000000000
000000000000000000000000000000
000000000000000000000000000000
000000000000001111101000000000
000000000000011111111100000000
000000000000011000001111000000
000000000000000000000011100000
000000110000000000000111100000
000000000000000000000011100000
000000000000000000000111000000
000000000000000000000011000000
000000000000000000000010000000
000000000000000000111100000000
000000000000000000111000000001
000000000000000001110000000001
000000000000000111100000000000
000000000000001111011000000000
000000000000011110011100000000
000000000000011100001100000000
000000000000010000000000000000
000000000000011111000000000000
000000000000001111000000000000
000000000000000000000000000000
000000000000000000000000000000
000000000000000000000000000010
