000000000000000000001110100000
000000000000000000001000000000
000000000000000000000000000000
000000000000000000000000000000
000000000000000000000000000000
000000000000000000000000000000
000000000000000000000000000000
000000000000000000000000000000
000000000000000000000000000000
000000000000000000000000000000
000000000000000000000000000000
000000000000000000000001000000
000000000000110000100111000000
000000000001000001111110000000
000000000000000000110000000000
000000000000000000000000000000
000110000000000000000000000000
000011000000000000000000000000
000001000000000000010000000000
000000100000000000110000000000
000000000001100010110000000000
000001000010011101110000000000
000000000100011111110000000000
000000000000000001100010000000
000000000000000000111110000000
000000000000000000010111000000
000000000000000000000011100000
000000000000000000000001000000
000000000011000000000010000110
000000000011000111111111111111
