000000000000000000000011000000
000000000000000000000000000000
000000000000000000000000000000
000000000000000000000000000000
000000000000000000000000000000
000100000000100000000011000000
001100000001100000000011000000
111010000000000000000000000000
010000000001000000000000000000
000000000011000110000000000000
000000000011001110000000000000
000000000000001110000000000000
000000000000001111011111000000
000000000000001100101111100000
000000000000010000101111001110
000000000000000000011110000111
000000000001111100100110000000
000000000001111110000110000000
000000000000000010000000011100
000000000000000000000000001100
000000000000000000000000000000
000000000000000000000000000000
000000000000000000000000000000
000000000000000000000000000000
000000000000000000000000000000
000000000000000000000000000000
000000000000000000000000000000
000000000000000000000000000000
000000000000000000000000000000
100000000001000000000000000000
