000000000000000000000000000000
000000000000000000000000000000
000000000000000000000000000000
000000000000000000000000000000
000000000000000000000000000000
000000000000000000000000000000
000000000000000000011110000000
000000000000000000111111000000
000000000000000111000011100000
000000000000000111100001110000
000000000000000011000011110000
000000000000000000000001111000
000000000000000000000111101001
000000000000000000001111000000
000000000000000000011110000000
000000000000000000111100000000
000000000000000001111000000000
000000000000000111100000000000
000000000000001111000000000000
000000000000011110000000000000
000000000000111111111110000000
000000000000111111111110000000
000000000000000000000000000000
000000000000000000000000000000
000000001000000000000000000000
000000000000000000000000000000
000000000000000000000000000000
000000000000000000000000000000
000000000000000000000000000011
000000000000000000000000000011
