000000000000000000000000000000
000000000000000000000000000000
000000000000000000000000000010
000000000000000000000000000000
000000000000000000000000000000
001100000000000000000000000000
000000000000000000000000000000
000000000000000000000000000000
000000000000000000000000000000
000000000000000111111100000000
000000000001111111111110000000
000000000000111111111111000000
000000000011111111111111100000
000000000001111110001111100000
000000000000000000001111100000
000000000000000000011111100000
000000000000000000011111100001
000000000000000000111111000000
000000000000000011111110000000
000000000000000111111100000000
000000000000001111111000000000
000000000000011111101000000000
000000000001111111011000000000
000000000000111110000000000000
000000000001111100000000000000
000000000001111100000000000000
000100000001111111111111000000
000000000001111111111111000000
000000000000111111111111000000
001000000000000000000001000000
