000000000000000000000000000000
000000000000000000000000000000
000000000000000000000110000000
000000000000000000000110000000
000000000000000000000000000000
000000000000000000000000000000
000000000000000111110000000000
000000000000001111111000001100
000000000000011111111100001100
000000000000011111111100000000
000000000000011101011111100000
000000000000001000111111000000
000000000000000001011100100000
000000000000000001111100000000
000000000000000001111100000000
000000000000000001111000000000
000000000000000011110000000000
000000000000000111110000000000
000000000000001111100000000000
000000001100011111100000000000
000000001100011111000100000000
000000000000111110000000000000
000000000001111111111000001100
000000000001111111111000000000
000000000000111111110000000000
000000000000000000000000000000
000000000000000000000000000000
000000000000010000000000000000
101000000000001000000000000000
111100000000000000100000000000
