000001100001000000000000011000
000000000011000000000000000000
000000000011000000000000000000
110000000001000000000000000000
111000000111001111100100000000
010000101111111111111100000000
000001101001111111111100000000
000000010001111111111110000000
000000000001111011111110000000
000000000001000001111110000000
000000000111000000111110000000
000000001111000001111111010000
000000000110000001111110100000
110000000000000011111101010000
010000000000000111111011100000
100100000000000111111011001000
001111100000001111110000000000
001101110000111111111000000000
000000100011111111111000000000
100000000011111111111110000010
100000000011111111111111000011
000000000011111111111110011111
000000000001111111111111110001
000000000000000000000000110001
001100000111000000001111100000
011100000111000000001110100000
111000000000000000000000010000
010000000000000000000000110000
110000000000000000000000010000
110000110000000000000001010000
