000000000000000000000100100000
000000000000000000001000000000
000000000000000000010000000000
000000000000000000111001000000
000000000000000011110111000000
000000000000000111100110000000
000010000000001111000111000000
000110000000001110011110000000
000110000000011110111100000000
000000000000000000111100000000
000000000000000001111000000000
000000000000000011111000000000
000000000000000111110000000000
000000000000001110000000000000
000000000000011110000000000000
000000000000111100000000000000
000000000011110100000000000000
000000000111111110000000000000
011100000111111110000000000000
001110000111110000000000000000
000000000000100000000000000000
000000000000000000000001100000
000000110000000000000000000001
001111110000000000000000000000
001111100000000000000000000000
001110000000000000000000011110
101100000000000000000000011111
011000000000000000000000000000
010000000000000000000000000000
000000000000000000000000000000
