000000000000000000000000000000
000000000000000000000000000000
000000000000000000000000000000
000000000000000000000000000000
000000000000000000000000000000
000000000000000000000000000000
000000000000000000000000000000
000000000000000000000000000000
000000000000000000000000000000
000000000000000111111000000000
000000000000001111111110000000
000000000000011111111111000000
000000000000111110001111000000
000000000000011000001111000000
000000000000000000001111000000
000000000000000000001111000000
000000000000000000011111000000
000000000000000000111110000000
000000000000000001111110000000
000000000000000011111100000000
000000000000001111111000000000
000000000000011111100000000000
000000000000111111000000000000
000000000000111100000000000000
000000000000111100000000000000
000000000000111001100000000000
000000000000111111111110000000
000000000000111111111111000000
000000000000011111111111000000
000000000000001000000001111000
