000000000000000010000001001100
000000000000000000000000000000
000000000000000000001000000000
000000000000000000011000000000
000000000000000000000000000000
000000000000000000000000000000
000000000000000000000000000000
000000000000000000000000000000
000000000000000000000000100000
000000000000000000000000110000
000000000000000000000000011000
000000000000000000000000011000
000000000000000000000000000000
000000000000000000000000000001
000000000000000000001100000000
000000000000000000000100000000
000000000000000000000000000000
000000000000000000000000000000
000000000000000000000000000000
000000000000000000000000000000
000000000000000000000000000000
000000000100000000000000000000
000000000110010000000000000000
000000000000110000000000000000
000000000000000000000000000000
000000000000000000000000000000
000000000000000000000000000000
000000000000000000000000000000
000000000000000000000000000000
000000000000100000000000000000
