000000000000000000000000000000
000000000000000000000000000000
000000000000000000000000110000
000000001000000000000000110000
000000000000000000000000010000
000000000000000000000000110000
000000000000000000000100000000
000000000000000000000110000000
000000000000011000001111000000
000000000000001100000111100000
000000000000011100000011000101
000000000000011100000011000010
000011000000001000000111000000
000000000000000000000110000000
000000000000000000001000000000
000000000000000000010000000000
000000000000000000010000000000
000000000000000000000000000000
000000000000000000000000000000
000000000000000000000001000001
000000000000000000001111100000
000000000000110000111110000000
000000000000111111011110000000
000000000000111100000000000000
000000000000000000000000000000
000000000000000000000000000000
000000000000000000000000000000
000000000000000000000000000000
000000000000000000000000000000
000010001100000000000000000000
