000000100000000000000000000000
000000000000000000000000000000
000000000000000000000000000000
000000000000000000000000000000
000000000000000000000000000000
000000000000000000000000000000
000000000000010000000000000000
000000000000010000011000000000
000000000000000000011000000000
000000000000000000001000000000
000000000000000000001100000000
000000000000000000001100000000
000000000000000000001100000000
000000000000000001111000000000
000000000000000001011001100000
000001101111110011111001100000
111111111111111001100000000000
111110101000000011000000000000
000001010000000110000000000000
000000100000001100000000000000
100000000000011000000000000000
110000000000111111011100000000
110000000000011111111100000000
000000000000000000000000000000
000000000000000000000000000110
000000000000000000000000000110
000000000000000000000000001100
000000000000000000000000011100
000000000000000000000000011000
000001001000000000000000100000
