000000000000000000000000000000
000000000000000000000000000000
000000000000000000000000000000
000000000000000000000000000000
000000000000000000000000000000
000000000000000000000000000000
000000000000000001111111000000
000000000000000011110111100000
000000000000000011000001100000
000000000000000000000000100000
000000000000000000000001100000
000000000000000000000001100000
000000000000000000000011000000
000000000000000000001110000000
000000000000000000011110000000
000000000000000000011000000000
000000000000000001110000000000
000000000000000011100000000000
000000000000000111000000000000
000000000000001100000000000000
000000000000011000000100000000
001100000000111110000100000000
001100000000111110000000000000
000000000000000000000000000000
000000000000000000000000000000
000000000000000000000000000000
000000000000000000000000000000
000000000000000000000000000000
000000000000000000000000000000
000000000000000000000000000000
