000000000000000000001110101000
000000000000000000001000001000
000000000000000010001100110110
000000000000000111111111100010
000000000000001100110111011100
000000000000001101100111111110
000000000000001011001111101110
000000000000001111001010111000
000000010001001111001111001100
000000111011101111111111001100
000001110001011111111101111110
000010010111111000011101101110
000001111111111000110110111110
000011110001111100111110110010
000111100000011000011111111110
110010111000011000011111101110
010000011000110000011111111000
111000110001110000111111101100
111010100001110011111101001110
011111110001110011111010001100
110111101000101111100000001110
110010111000111111100000100000
111110111000011111000011010000
100100110000111100000111110000
000000110001111100000110001000
000000110011111100000110000100
111101100110110000000000001000
011111110000110001000000011100
101110110000010001000000001110
100010111100110000000000000101
