111110010111111111101000111011
111011100011111111000000001100
111111111111111011000000011111
111111111111101100000000111110
110111111111111000000000111111
111110111111010000000000111110
011000011001110000000001111110
101111111011111100000001111001
111111111011101110000000000000
011111101111001111111110000000
111011110111110111101110000000
111111111011111111101110000000
111111111100111111111110000000
111011101111011101111110000000
111110011111111100111110000000
001100011111111100011100000000
000000000011111110001100000000
000000000111111111111000000000
000000000111111111110000000000
000000000101101011111000000000
000000000011100111111100000000
000000001111100101110110000000
000000001110110010111000000000
000000001011110011110000000000
001000000111011001100000000000
011100100110101100000000000000
111110100110111000000000000000
111100000011010000000100000000
111100000000111000000110000000
111011000000011100010111000000
