000000001000000000000000000000
000000000000000000000000000000
000000000000000000000000000000
000000001100000000000000000000
100000001110000000000000000000
100000000100000000000000000000
000011000000001111111000000000
000011000000011111111100000000
000000000000011100011110000000
000000000000111000001110000000
000000000011111000001111000000
000000000011110000011111000000
000000000000000010111110000000
000000000000000011111110000000
000000000001000001111110000000
000000000000000011111100000000
000000000001000111110000000000
000000000001111111100000000000
000000000001111111000000000000
000000000001111100000000000000
000001000001111111111110000000
000011000001111111111111000000
100001000000110000001110000000
000000000000000000000100000000
000000000000000000000000000000
000000000000000000000000000000
000000000000000000000000000000
000000001100000000000000000000
000000000000000000000000000000
000000000000000000000000000000
