000000000000000000000000000000
000000000000000000000000000000
000000000000000000000000000000
000000000000000000000000000000
000000000000000000000000000000
000000000000000000000000000000
000100000000011111000110000000
000100000000011111001110000000
000000000000111111110000000000
000000000001111111110000000000
000000000001111000111000000000
000000000000111000001100000000
000000000000011000001100000000
000000000000000000011100000000
000000000000000000111100000000
000000000000000011111000000000
000000000000000111110000000000
000000000000001010100000000000
000000000000011111110000000000
000000000000111100100000000000
000000000000110010100000000000
000000000000110111100000000000
000000000000100010010000000000
000000000001100001111100000000
000000000000000000111100000000
000000000000000000000000000000
000000000000000000000000000000
000000000000000000000000000000
000000000000000000000000000000
000000000000000000000000000000
