000000000000000000000000000000
000000000000000000000000000000
000000000000000000000000000000
000000000000000000111100000000
000000000000000001111110000000
000000000000000011100110000000
000000000000000111000110000000
000000000000001110001110000000
000000000000000100001100000000
000000000000000000011100000000
000000000000000000111000000000
000000000000000001110000000000
000000000000000001100000000000
000000000000000111100000000000
000000000000011110000000000000
000000000000111100000000000000
000000000001110000000000000000
000000000011111100000000000000
000000000011111100000000000000
000000000011110000000000000000
000000000000000000000000000000
000000000000000000000000000000
000000000000000000000000000000
000000000000000100000000000000
000000000000000100000000000000
000000000000000000000000000000
000000000000000000000000000000
000000000000000000000000000000
000000000000000000000000000000
000000000000000000000000000000
