000000000000000000000000000000
000000000000000000000000000000
000000000000000000000000000000
000000000000000000000000000000
000000000000000000000000000000
000000000000000000000000000000
000000000000000000000000000000
000000000000000011000100000000
000000000000000111111110000000
100000000000011111111100000000
100000000000111111111110001100
000110000000011110101111001100
000110000000011100011111000000
000000000000000000001111000000
000000000000000000000110000000
100011100000000000001100000000
000111100000000000111100000000
000000000000000011111000000000
000000000000000111110000000000
000000000000001111000000000000
000000000000001100000000000000
000000000000011100000000000000
000000000000011100000010000000
000000000000011111111111000000
000000000000011111111111000000
000000000000001111111110000000
000000000000000000000000000000
000000000000000000000000000000
000001100000000000000000000110
000001100000000010000000000110
