000000000000000000000000000000
000000000000000000000000000000
000000000000000000000000000000
000000000000000000000000000000
000000000000000000000000000000
000000000000000000000000000000
000000100000001111000000000000
000001100000011111100000000000
000001100000111111110000000000
000000000001110001110000000000
000000000001110001111000000000
000000000000100001111000000000
000001000000000000111000000000
000011000000000000111000000000
000011000000000001110000000000
000000000000000011010000000000
110000000000000110100000000000
111000000000000110000000000000
000000000000001110000000000000
000000000000011110000000000000
000000000000111100000000000000
000000000000111100000000000000
000000000001111111100000000000
000000000011111111110000000001
000000010011111111110000000001
001011111001011110110000000000
010101011001111111101000000001
000011100000111001111100011100
000101000000000000000000011101
011011010100000010000011000000
