000000000000000000000000000000
000000000000000000000000000000
000000000000000000000000000000
000000000000000000000000000000
000000000000000000000000000000
000000000000000000000000000000
000000000000000000000000000000
000000000000000000000000000000
000000000000000000000000000000
000000000000000000000000000000
000000000000001000000000000000
000000000000011000000000000000
000000000000011100000000000000
000000000000001100000000000000
000000000000001100000000000000
000000000000001100000000000000
000000000110111000000000000000
000000000111110000000000000000
000000000001010000000000000000
000000000011000000000000000000
000000000100000000000000000001
000000000000000000000000000000
110000000000000000000000000000
110000000000000000000000000000
000000000000000000000000000000
000000000000000000000000000000
000000000000000000000000000000
000000000000000000000000000000
000000000000000000000000000000
000000000000000000000000000000
