000000000000000011010000000000
000000000000000011100000000000
000000000000000001000000000000
000000000000000000000000000000
000000000000000000000000000000
000000000000000000000000000000
000000000000000000000000000000
000000000000000000000000000000
000000000000000000000000000000
000000000000000000000000000000
000000000000000000000000000000
000000000000000000000000000000
000000000000001100000000000000
000000000011011111111000000000
000000000110110111111100001000
000000001100111100111110011000
000000001111111000011110011000
000000000001101101111110000000
000000000000001001111100000000
000000000000001111111100000000
000000000000001111111000000000
000000000000001111111110000000
000000000000000000111110011000
000000000000000000011110001001
000000000000000000001110000000
000000000000000000011110000000
000000000000011100011110000000
000000000000111111111110000001
000000000000011111111100000000
000000000000001111111000100000
