000000000000000000000000000000
000000000000000000000000000000
000000000000000000000000000000
000000000000000000000000000000
000000000000000000000000000000
000000000000000000000000000000
000000000000000000000000000000
000011000000000000000000000000
000110000000000100010000000000
000100000000000000001000000000
000000000000000000001100000000
000000000000000000001100000000
000000000000000000000000000000
000000000000000000000000110000
000000000000000000000000110000
000000000000000000100000000000
000000000000000000000001000000
000000000000000000000001100000
000000001000000000000011100000
000000011000000000000011100000
000000011000000000000011100001
001000000000000000000010100000
000000000000000000110001000000
000000000000000111000000000000
000000000000000110000000000000
000000000000000000000000000000
000000000000000000000000000000
000000000000000000000000000000
000000001100000000000000000000
000000001100000000000000000000
