000000000000000000000000000000
000000000000000000000000000000
100000000000000000000000000000
000000000000000000000000000000
000000000000000000000000000000
000000000000000000000000000000
000000000000000000000000000011
000000000000000000000000000011
000000000000000000000000001111
000000000000011111111000010110
000000000000111111111100001110
000000000000111100111100000100
000000000000010000011100000000
000000000000000000011100000000
000000000000000000111100000000
000000000000000111111100011000
000000000000000111111000011000
000000000000000111111100000000
000000000000000000111110000000
000000000000000000001110000000
000000000000000000001110000000
000011100111100000001110001000
101111100111111000011110000000
001111101110111110111110000000
000001111111011111111100000000
000001110000111111111000000000
000001000000110001110000000000
000000000000000000000000000000
000000000000000000000000000000
000000000010000000000000000000
