000000000000111111101100000000
000000000001111111110100000000
000000000001111111101011111100
000000000001111111111111111100
110011111011110111110100001000
000011000011110011110000011000
000000000001100011100000000000
000000000000000111100000000000
000000000000001111100000000000
001110000000011111000000000000
001110000000001111100000000000
001100000111001111100000000000
001000000111001011100000000000
000100000001111111100000000000
000100000001111011100000000000
001100001001111111100000000000
000010000011111001110110000000
100001000001111111100011100000
000000000000111111110101110001
110000000000000011111110110001
110001000000000000011011111011
110001100000000000100010100111
000000100000000000000001001100
000000000000000000000000000000
000000000000000000000000000000
000000000000001100000000000000
000001011000000100000000000000
000001111100000000000000000000
000001111100000000000000000000
001001011000001110100000000000
