000000000000000000000000000000
000000000000000000000000000000
000000000000000000000000000000
000000000000000000000000000000
000000000000000000000000000000
000000000000000000000000000000
000000000000000000000000000000
000000000000000000000000000000
000000000000000000000000000000
000000000000000000000000000000
000000000000000000000000000001
110000000000000000000000000001
110001110000000000000001100010
000010110001100000000000110110
000000000001100001100000100100
000000000000000000110001101000
000000000000000000010000010000
000000000000000000001000000000
000000000000000000001100000000
000000000000010000000100000000
000100000000111000000110000000
011100000001110000000110000000
101100000001100000000100000000
000000000000000000000000000000
000000000000000000000000000000
000000000000000000000000000001
000000000000000000000000000000
000000000000000000111000000000
000000000000000000110000000000
000000000000010000100000000100
