011011000000101111100111110011
001111001100000111111010111011
111111001100000010111011011111
111111011100110000001111111011
111111011001110000001011111101
011111110111011000111011011101
111111111111110111011110001111
101110110111111111111010011001
111111011011111111111111111111
110111011111111111111111110111
011111110111111111011110111111
111111111101111111111111111111
111111111111011111111110111111
111111110111111111101111101001
110111101101111111111111011101
110101111011111111111111111111
111111011011101011111111001101
111010110111111111111111111101
111001011101101110111111011111
110001011111111111101111110011
100010111111111111101111000111
011111011001111111111111100000
011001001001111111011111100000
101011110101111111111111100011
111111111111111111111001101111
111111011111110101111110110110
111011011111100111111110111100
011101111101111111111110101100
111101110111101011101111110110
011011111100011111110111010100
