000000000000000000000000000000
000000000000000000000000000000
000000000000000000000000000001
000000000000000000000000000001
000000000000000110000000000000
000000000000001111000000000000
000000000000011111100000000000
000000000000111111110000000000
000000000001111111111000000000
110000000011111111111000000000
100000000011110111111100000000
110000011000111111111100000000
100011111000111101111110000000
110011111110110111111110000000
110011011011111111110100000000
001110000110011111110000000000
011100000000001111111100000000
110000000000000011111100000000
110000000000000010111000001100
100000000000000110111100111011
100000000011110111111111111111
000011000011111111111101101111
100011100011111111111011011000
000011000001100111110111101000
000001000011100111100001110000
000000000110000000000011100000
000000001100000000000000000000
000000010100000000001100000000
000000111000000000001100000100
000001010100000000000010101111
