001110000111100001101110000111
000011100111110000111110000100
000111111110101000011100000000
100111101010110100101000000000
011011111111111000111100000000
111110101110111111111100000001
110110011111111111101100000001
110110011110111111111100000000
001111100101110011111111000000
011111111101111111110110000000
001110111100000101110000000000
001110011000000001110000000000
001110110100000111110000000000
011110110110001111110000000000
011100111000001111111000000000
010000010000000001111100000000
110000001000000011111000000000
111100000000000000111000000000
101000000000000000011110000000
101100000001100000011100000000
101100100011100000111110000000
101011000001111011111110000000
011011000011111111111000000000
110000001111111111110000000000
110011001101011111100000000000
111110011000111110000000000000
111001000101111100000000000000
110000100000110000000000000000
110101111000111000000000000000
101111111111111000000000000000
