010100000000000000101000100100
011000000011110001000000000000
011001000111111000100010011000
011110101101100000011110101111
000001101101110000001111011111
000001100101111111111100001000
101000100011101111111110000000
111100000000001111011111000000
011001000000100110000111100000
111011010001111110000011100000
111111101010100100111011110000
101101111111110011111111110000
001101111011100001111111110000
010111111111110011111111000000
011100010111110011111111000000
001100000011100000111111000000
000000110000000000011111000000
000000110000000000101111000000
000000010000100000111111000000
000000000001110000011111000000
000000000001111011111111000000
000000110000111111111110000000
000000110000111111111110000000
000000100000011111111100000000
111111100000000000000011000000
111011110000000000000011000000
111001110000000000000000000000
110001110000000000000000000000
011000110000000000000000000000
111011111000000000000001000000
