000000100000100000000000000000
000000000000000000000000000000
000000000000000000000000000000
000000000000000000000000000000
000000001100010000000000000000
000000011100111110000000000000
000000001111111111110000000000
000000000001111111110000000000
000011000000000101110000000000
110111110000000011110000000000
110101111000000011100000000000
101010111000000111100000000000
100111011000001110000000000000
000011110000001111000000000000
100001000000000111100000000000
100000000000000011110000000000
100000000000000001110000000000
100000000000000011110000000000
000000000000001011100000000000
000000000000011111100000000000
000000000001111110001100000000
000000000001111100001100000000
000000000000000000000000000000
000000000000000000000000000000
000000000000000000000000000000
001100000000000000000000000000
011000000000000000000000000000
111000000000000000000000000000
110000000000000000000000000000
101000000000001100000000000000
