000011000000000000000000000000
000010000000000000000000000000
000000000000000000000000000000
000000000000000010000000000000
000001100000000000000000000000
110001000000000000000000000000
110000000000000000000000000000
000000000000000000000000000000
000000000000000000000000000000
000000000000000000000000000000
000000000000000000000000000000
000000000000000000000100000000
000000000000000000001110000000
000000000000000000000100000000
000000000000000000000000000000
000000000000000000000000000000
000000000000000000000000000000
100000010000000000000000000000
010100110000000000000000000000
101010110000000000000000000000
100000110000000000000000000000
000001110011110000000000000000
111110110011111000000000000000
111111110011111000000000000000
100100100010000001100000000000
000000100000000111100000000001
000000100000001111100000000011
000000000000011111010000011100
000000000000101100000000011000
000101110001011110000000111011
