000000000000001000101001000000
000000000000001100100000000000
000000000000001100000000000000
000000000000001110000000000000
000000000000000110000000000000
000000000000001110011011000000
000000000000111111101111000000
000000000111111111111110000000
000000000111111111111100000000
000000000011111111111100000000
000000000011110111111110000000
000000000111100111111010000000
000000000100100111111100000000
000000000011000011111000000000
000000000011000111111000000000
110000000011001111110000000000
111000001110111111111000000000
110000001111011011111100000000
000000001100110100111000000000
000000001100101110111110000000
100000010111111011111100000000
111110111011111011111100000001
111111011111111111111000000001
000001111111111111111000000000
000000101111111111100000000000
011000111110011111110000000001
101011100011100001111000000000
111100000011110000001100000011
010100000000010000010100000011
001101100000011010111000000000
