000000000000000000000000100000
000000000000000000000000000000
000000000000000000000000000000
000000110000000000000000000000
000000110000000000000000000000
000000000000000000000000000000
000000000000000000000000000000
000000000000000000000000000000
000000000000000000010000000000
000000000000001000000000000000
000000000000010000000000000000
000000000000000000000000000000
000000000000000000000000000000
000000000000000000000000000000
000000000000000000000000000000
000000000000000000000000000000
000000000000000000110000000000
000000000001011000000000000000
000000000001111000001100000000
000000000000110000001110000000
000000000000101110000100000000
000000000000111110000000000000
000000000000010100000000000000
000000000000000000000000000000
000000000111000000110000000000
000000000011000000110000000000
000000000000000000000000000000
000000000000000000000000000000
000000000000000000000000000000
000000100000000000000000000000
