000000000001110100000110000000
000000000001101000001000000000
000110101000110101001110000000
100111111011111110000101000000
110101111111111000001110000000
101111100100110000011110000000
111101011101111111111100000000
111110111111111111111110000000
111000000101111111111110000000
101000000011111111111100001001
110000000111110011111000001001
110000000000000011111000111111
000000000000000010111101111101
000000000000000011111010011100
000000000000000111111000000000
000000000000001111110000000000
000000000000000111111000000000
000000000000000011111000000000
000000000000000000111000000000
000000000000000000111000000000
000000000001110000111000000000
000000000011111001111000000000
000000000001111111111000000000
000000000000111111110000000000
000000000000011111000000000000
000000000000011100000000000000
000000000000001000000000000000
000000000000000000010000000000
000000000000000000000000000000
000000000000000000001010000000
