000000000000010000011000111100
000000000000000000011100001100
000000000000000000011000010000
000000000000000001111000111000
000000000000000000110000100000
000000000000000000011001100000
000000000000000000010001000000
000000000000001111110000000000
000000000000011111111110000000
000000000100111111111101000000
000000001000111000001110000001
000000000000000000001110000001
000000000000000000001000000101
000000000000000000001100011110
000001110000000000011111111100
000000000000000011111110100000
000000000000000111111110000000
001100000000011111111110000000
001000111110001100000110000000
010111110001110110000111000000
111110000001111100100110000000
111000000001110100100111000000
111000000001111111011111000000
110000000001111111111100000000
000000000000101111110000000000
000000000000111100000000000000
000000000000011100000000000000
000000000000000110000000000001
000000000000000110110000000000
000000000000000111001100000000
