000000000100000000000000000000
000000000000000000000000000000
000000000000000000000000000000
000000000000000000000000000000
000000000000000000000000000000
000000000000000000000000000000
000000000000000111111000000000
000000000000001111111100000000
000000000000111111111110000000
000000100000111100111110000001
000000010000111000001110000100
000000100000111000001110101000
000000000000000000011111110000
000000000000000000111111000000
000000000000000011111110000000
000000000000000111111100000000
000000000000000111111110000000
000000000000000111011111000000
000000000000001101111111000000
001100000000111000110111000000
001100000001111000111111000000
001100000001111110011111000000
001100000001111111111110000000
001100000000111111111100000000
000000011000001111111000000000
000000011000000010000000000000
000000111000000111000000000000
000000110000000011000000000000
000000110000000010000000000000
000011100000000011000000000000
