000000000000000000000000000000
000000000000000000000000000000
000000000000000000000000000000
000000000000000000000000000000
000000000000000000000000000000
000000000000000000000000000000
000000000000000000001100000000
000000000000000000001110000000
000000000000000000000001100000
000000000000100000000001110000
000100000001110000000001110000
001100000000100000000001100000
111010000000000000000001000000
111110110000000000011111000000
011011111000000000011111000000
000011111100000000000111100000
000000000000000000000001100000
000000000000011100000011000000
000000000000001001111111000000
000000000000010000110111010000
000000000000011011110010110000
000000000000001111110000000000
000000000000000111000000000000
000000000000000000000000000000
000000000000000000000000000000
000000000000000000000000000000
100000000000000000000000000000
000000000000000000000000000000
000000000000000000000000000000
110001000000000000000000000000
