000000000000000000011011000000
000000000000000000000001100000
000000000000000000000000110000
000000000000000000000000110000
000000000000000000001100010000
000000000000000000011100000000
000000000001000000001000000000
000000000010000000000000000000
000000000011000000000000000000
000000000011111111111000000000
000000000011011111111100000000
000000110001111100111100000000
000000010000100000011110000000
000000000000000000011110000000
000000010000000000111100000001
000000010000000111111100000001
000110110000001111111000001000
111100100000000111111100011100
111000000011100011011100001100
110000000001011000000000000000
101100110110000000000100000000
000100111111010000001110000000
000000000111111110011110000000
000000000010111111111101000000
000000000000011111111111000000
000000000000001111110010001111
000000000000000011000000001101
000000000000000000000000001111
000000000000000000000000000111
000000000000000000000000001000
