000000000001000000000000000000
000000000000000000000000000000
000000000000000000000000000000
000000000000000000000000000000
000000000000000000000000000000
000000000000000000000000000000
000000000000000000000000000000
000000000000000000000000000000
000000000000111110000000000000
000000000000111110000000000000
000000000000000100000000000000
110000000000001100000000000000
100000000000011010000000000000
000000011000011111000000000000
000000011000011111100000000000
000000000000111001100000000100
000000000000000011000000011000
000000000000000011101110011000
001000000000000110111101000000
001100000000011111100000000010
001000000000011100000000010110
000000000000000000000000011100
000000000000000000000000000000
000000000000000000000000000000
000000000000000000000000000000
000000000000000000000000000000
000000000000000000000000000000
000000000000000000000000100000
000110000000000000000000000000
000110001000000000000000000000
