000000000000000000000011011100
000000000000000000000000100000
000000000000000000000011110000
000000000000000000000011110000
000000000000000000000001100000
000000000000000000000001000000
000000000000000111110001100000
000000000000001111111000000000
000000001101101101111000000000
100000011111111011111100000000
100000000010111111011100000000
100000001110001100001100000000
100001010110001100111100000000
000011001111001101111000000000
000110100101001110110000000000
000000111000000011110000000000
000000010000000011111100011100
000000000000000011111100111100
111000111100000100011001011110
111111111110000000011000111000
111111100011110000011000000000
000001000011111000110000000000
000000110001110101110000110000
000000010000111111110000000000
000000001111001111100000000000
000000001111000000000000000000
000000001000000000000000000100
000000000001000000000000101000
000000010011000000000000111000
000000101011000000000000111000
