000000000000000000000000000000
000000000000000000000000000000
000000000000000000000000000000
000000000000000000000000000000
000000000000000000000000000000
000000000000000000000000000000
000000000000001111111000000000
000000000000011111111100000000
000000000000111111111110000000
000000000000111110111110000000
000000000001111000111111000000
000000000000111000101111000000
000000000000000000011110000000
000000000000000000111110000000
000000000000000011111100000000
000000000000000111111100000000
000000000000001111111110000000
000000000000001000011111000000
000000000000010000001111100000
000000000000110000000111100001
000011000001111110011111000000
000111000001111110011111000000
000000000000111111111111000000
000000000000011111111110000000
000000000000001111111100000000
000000000000000000000000000000
000000000000000000000000000000
000000000000000000000000000000
000001000000000000000000000000
000010000000000000000000000000
