000000000000000000000000000000
000000000000000000000000000000
000000000000000100000000000000
000000000000000000000000000000
000000000001000110000000000000
000000000001111111111000000000
000000000001111111111100000000
000000000001111111111110000000
100000000000110011111101000000
110001100000000001111110000000
100011100000000001111100000000
000001100001011011111000000000
011100001111101011111001000000
111111010111111111110001100000
110111111110011111111101100000
100001111100000011111100000001
000000000000001110111100000010
000000000000111100011111000110
000000000000110000010110110101
000000000000110110111110101010
000000000001111111111101110001
000000000001111111111111110000
000000000001111111110101011000
000000000000111000000000001100
000000000000000000000000000000
000000000000000000000000000000
000000000000000000000000000000
000000000000000000000000000110
000000000000000000000000000010
000000000000000000000000000000
