000000000000000000000000000000
000000000000000000000000000000
000000000000000000000000000000
000000000000000000000000000000
000000000000000000000000000000
000000000000000000000000000000
000000100110000000000000000000
000001110000000000000000000000
000001100000000000000000000000
000000000000000000000000000000
000000000000000000000000000000
000000000000000000000000000000
000000000000000000000000100000
000000000000000001100000110000
000000000000000000110001100000
000000000000000000111000000000
000000000000000000111100000000
000000000000000000111100000000
000000000000011000001100000000
000000000000111000000111000000
000000000000110000000110000000
000000000001110000000100000000
000000000001100000001000000000
000000000000000000000000000000
000000000000000000000000000000
000000000000000000000000000000
000000000000000000000000000000
000000000000000000000000000000
000000000000000000000000000000
000000000000000000000000000000
