000000000000000000000000000000
000000000000000000000000000000
000000000000000000000000000000
000000000000000000000000000000
000000000000000000000000000000
000000000000000000000000000000
000000000000000000000000000000
000000000000000000000000000000
000000000000000000000000000000
000000000000001111110000000000
000000000000001111111000000000
000000000000000000011000000000
000000000000000000001100000000
000000000000000000001100000000
000000000000000000011100000000
010000000000000011111000000000
000000110000000011111000000000
000001110000000011111000000000
000000100000000011101100000000
000000000000000000011110000000
000000000000000000001100000000
000000000000000000001100000000
000000000000000000001100000000
000000000000001100111000000000
000000000000001111110000000000
000000000000000001100000000000
000000000000000000000000000000
000000000000000000000000000000
000000000000000000001100000000
010000000000000000001100010000
