001100111110001011010100011110
000100001110000011000110110011
000000001100011101101101111110
100001011111111111111111110111
110011111111111001100000000110
110011111100011111100000000111
111011111110011011111110001110
011011101110000011001110001100
000100000100000000000000000000
001111000000000001000000000000
001111100000110001101100000000
000110111101110001111100000000
000100011111011000011100000000
000000001110110000000000000000
000000000110110000000000000000
000000000001110000000000000000
000000000011011000000000010011
000000000110111100000001101111
000000000110001100000000010000
000000000110011100000000000001
000000000001001100000000000001
000000000000000100000000000000
000000000100011000000000000001
000000000000010000000000000000
000000000000000000000000000000
000000000000000000000000000000
000000000000000000001100000000
000000000000000000000000000000
000000000000000000000000000000
000100000000000000000000000000
