000000000000000000000000000111
000000000000000000000000000000
000000000000000000000000000000
000000000000000000000000000000
000000000000000000000000000000
000000000000001111110000000000
000000000000011111111000000000
000000000000111110111100000000
000000000001110000011110000000
000000000000100000001100000000
000000000000000000001100000000
000000000000000000111100000000
000000000000000001111100000000
000000000000000011111100000000
000000000000000011111110000000
000000000000000000011111000000
000000000000000000001111000000
000000000000000000001110000000
000000000000000000000111000000
000000000000110000001111000000
000000000001111000001110000000
000000000000111100111100000000
000000000000011111111100000000
000000000000001111111000000000
000000000000000000001000000000
000000000000000000000000000000
000000000000000000000000000000
000000000000000000000000000000
000000000000000000000000000000
000000000000000000000000000001
