000000000000000000000000000000
000000000000000000000000000000
000000000000000000000000000000
000000000000000000000000000000
000000000000000000000000000000
000000000000000000000000000000
000000000000000000000000000000
000000000000000000111111000000
000000000000000111111111110000
000000000000001111111111111000
000000000000011111111111111000
000000000000011110000001110000
000000000000011100000011110000
000000000000000000001111110000
000000000000000000011111110000
000000000000000111111111111000
000000000000000111111011111000
000000000000000111111011111000
000000000000000111110011111100
000000000000111111000000111000
000000000000111000000000111000
000000000001111110000011110000
000000000001111111111111110000
000000000001111111111111100000
000000000001111111111111000000
000000000000000011000000000000
000000000000000000000000000000
000000000000000000000000000000
000000000000000000000000000000
000000001000000000000000000000
