000000000000000000000000000000
000000000000000000000000000000
000000000000000000000000000000
000000000000000000000000000000
000000000000000000000000011000
000000000000011111110000000000
001100000000111111111000000000
001100000000111100111100000000
011000000001111000011110011000
011000000001110000011111011000
110000000000010000001110000000
101001100000000000011100000000
111111100000000000111100000000
010000000000000011111000000000
100000000000000011111100000000
000000000000110000011110000000
100000000000000000001110000000
100000000000000000000110000000
000000000000000000001110000000
000000000001110000001110000000
000000000001111000001110000000
000000000000111110111110000000
000000000000111111111100000000
000000000000011111111000000000
000000000000000000000000000000
000000000000000000000000000000
000000000000000000000000000000
000000000000000000000000000000
000000000110000000000000000000
000000000110000000000000000000
