000000000000000000000000000000
000000000000000000000000000000
000000000000000000000000000000
000000000000110000000000000100
000000000000110000000000000000
000000000000000000000000000000
000000000000000000000000000000
000000000000000000000000000000
000000000000000000000000000000
000000000000000000000000000000
000000000000000000000000000000
000000000000000000000000000000
000000000000001000000000000000
000000000000011000000001100000
000000000011010000000001100000
000000000011100000000001100000
000000000000100000000000000000
000000000000000000000000000010
000000000000000000110000000110
000000000000000000111000000000
000000000000000000111100000000
000000000000000000011000000000
000000000000000000000000000000
000000000000000000000000000000
000000000000000011000000000000
000000000000111111100000000000
000000000000111111110000000000
000000000000000000110000000000
000000000000000000110000000000
000000000000000000010000000000
