000000000000000000000000000000
000000000000000000000000000000
000000000000000000000000000000
000000000000000000000000000000
000000000000000000000000000000
000000000000111111111000000000
000000000001111111111100000000
000000000001111111111100000000
000000000000100000001100000000
000000000000000000001100000000
000000000000000000011100000000
000000000000000001111100000000
000000000000001111111000000000
000000000000011111110000000000
000000000000001111111100000000
000000000000000011111110000000
000000000000000000111110000000
000000000100000000011110000000
000000000000000000111110000000
000000000000100000111110000000
000000000001111111111100000000
000000000001111111111100000000
000000000001111111110010100000
000000000000000000000001000000
000000000000000000000000000000
000000000000000000000000000000
000000000000000000000000000000
000000000000000000000000000000
000000000000000000000000000000
000000000000000000000000000000
