000000000000000000000000000000
000000000000000000000000000000
000000000000000000000000000000
000000000000000000010000000000
000000000000011111110000000000
000000000001111111111100000000
000000000001111111111100000001
000000000001111111111110000000
000000000000111111111110000000
000000000000010000111110000000
000000000000000000111110000000
000000000000000011111110000000
000000000000011111111100000000
000000000000011111111000000000
000000000000011111111100000000
000000000000001111111110000000
000000110000000000111111000000
000000000000000000111111000000
000000000000000000111111000000
000000000001111111111111000000
000000000001111111111110000000
000000000001111111111100000000
000000000000111111111000000000
000000000000000000000000000000
000000000000000000000000000000
000000000000000000000000000000
000000000000000000000000000000
000000000000000000000000000000
000000000000000000000000000000
000000000000000000000000000000
