000000000000000000000000000000
000000000000000000000000000000
000000000000000000000000000000
000000000000000000000000000000
000000000000000000000000000000
000000000000000000000000000000
000000000000000000000000000000
000000000000000000000000000000
000000000000000000000000000000
000000000000001111111000000000
000000000000011111111100000000
000000000000111111111110000000
000000000000111111111111000000
000000000000011000001111000000
000000000000000000001111000001
000000000000000000111111111001
000000000000000111111111111000
000000000000000111111111000000
000000000000000111111111000000
000000000000000111111110000000
000000000001000000111111000000
000000000001000000011111000000
000000000000000000001111000000
000000000000000000001111000000
000000000000000000001111000000
000000000000111000001111000000
000000000001111100111111100000
000000000001111111111111100000
000000000000111111111100000000
000000000000001111111000000000
