000000000000000001100000000000
000000000000000000000000000000
000000000000000000000000000000
000000000000000000000000000000
000000000000000000000000000000
000000000000000000000000000000
000000000000000000011111000000
000000000000000001111111100000
000000000000000011110011110000
100000000000000001110001110000
000000000000000000100001110000
000000000000000000000011110000
000000000000000000000011100000
000000000000000000011111000000
000000000000000000011111000000
000000000000000000000111100000
000000000000000000000011100000
000000000000000000000011100000
000000000000000000000011000000
000000000000011000001111000000
000000000000111111111110000000
000000000000011111111000000000
000000000000001100000000000000
000000000000000000000000000000
000000000000000000000000000000
000000000000000000000000000000
000000000000000000000000000000
000000000000000000000000000000
000000000000000000000000000000
000000000000000000000000000000
