000000000000000000000000000000
000000000000000000000000000000
000000000000000000000000000000
000000000000000000000000000000
000000000000000000000000000000
000000000000000000000000000000
000000000000000000000000000000
000000000000000000000000000000
000000000000000000000000000000
000000000000000000000000000000
000000000000000000000000000000
000000000000000000000001100000
000000000000000000000001110000
000000000000000000100000110000
000000000000000001110001110000
000000000000000000111001100000
000000000000000000111111000000
000000000000000000011001000000
100000000000000000010011000000
000000000000110000011111000000
000000000001111000101111000000
000001000001100000010111000000
000011000001100000011110000000
100011000000000000011100000000
000111000000000000110000000000
000110100000000000000000000000
000011100000000000000000000000
000011000000000000000000000000
000101000000000000000000000000
000110000000000000000000000000
