000000000000000000000000000000
000000000000000000000000000000
000000000000000000000000000000
000000000000000000000000000000
000000000000000000000000000000
000000000000000000000000000000
000000000000000000000111000000
000000000000000000001111000000
000000000000000000011111000000
000000000000000000011011000000
000000000000000001111111000000
000000000000000001100010000000
000000000000000011000110000000
000000000000000110000110000000
000000000000000110000110000000
000000000000001100000110000000
000000000000000100001110000000
000000000000000000001100000000
000000000000000000001100000000
000000000000000000001100000000
000000000000000000001000000011
000000000000000000000000000000
000000000000000000000000000000
000000000000000000000000000000
000000000000000000000000000000
000000000000000000000000000000
000000000000000000000000000000
000000000000000000000000000000
000000000000000000000000000000
000000000000000000000000000000
