001000000000000000000001000000
000000000000000000000000000000
000000000000000000000000000000
000000000000000000000000000000
000000000000000000000110000000
000000000000000000001110000000
000000000000000000011110000000
000000000000000000111100000000
000000000000000001111000000000
001000100000000011111100000000
000000110000000111111000000000
000000000000101111111000000000
000000000000001111110000000000
000000000000011110110000000000
000000000000110100110000000000
001000000001111000110000000000
000000000001111111111111000000
000000000001111101111011100000
000000000000010000111001000000
000000000000000000111000000000
000000000000000000110000000000
000000000000000000110000000000
000000000000000000000000000000
000000000000000000000000000000
000000000000000000000000000000
000000000000000000000000000000
000000000000000000000000000000
000000000000000000000000000000
000000000000000000000000000000
000000000000000000000000000001
