000000000000000000100010000000
000000000000000000000000000000
000000000000000000000000000000
000000000000000000000000000000
000000000000000000000000000000
000000000000000000000000000000
000000000000000000000000000000
000000000000000000011000000000
000000000000000000111000000000
000000000000000001111000000000
000000000000000011111001000000
000000000000000011111001111100
001101100001111111111111001000
101111100011101110111001000000
111110000000001100110001110000
000000000000011000110000101000
000000000000110000110000011100
000000000000110000110000110100
000000000001111111111000001100
000000000001111111110000000000
000000000000000001100000000000
000000000110000001100000000000
000000001100000001100000000000
000000001100000011100000000000
000000001000000001000000000000
000000000000000000000000000000
000000000000000000000000000000
000000000000000000000000000000
110000000000000000000000000000
011110000000000000000000000000
