000000000000000000000001100100
000000000000000000000000000000
000000000000000000000000000000
000000000000000000000000100110
000000000000000000000000001110
000000000000000000000000000110
000000000000000000000001000000
000000000000000000000111100000
000000000000000000001111100000
000000000000000000011011000000
000000000110000000011111000000
000100001111000000111111000000
111111111111100011111110000000
111011111111000011110111000000
100011010011011010001111000000
000000000000111110011110000000
000000000000000101101110000000
111000000000001110011010000000
100000000010000110001100000000
100001111101000001001100000000
111110001011100101111110000000
101100000011111111110110000000
001000000111100111110100000000
000000000000000001111000000000
000000011110000000101000000000
000000011111000111111000000000
000000011100000111111111000000
000000001010000000000110000000
000000000011000000110011000000
000000011010001101111011011000
