000000001100000000000001101000
000000001100000001000000010000
000000000000000011100000011000
000000000100000001000000010000
000000001100000000000000001100
000000001100000000001001101100
000000000000000000001100101000
000000000000000000000000011001
000000000000000010000000111100
000000000000000011001110000000
000000000000000011101100000000
000000001100001111000000000000
000000001110011100000000000000
000000011111011100000000000000
000111111000110000110000000000
001110000000011000110000000000
100000000000111000010000000000
000000000000110000110000000000
000000000001110000111000000000
000000000001101111111100000000
000000000001111111111100000000
000000000001100111111000000000
110000000000000010010000000000
010000000000000111110000000000
100000000000000110100000000000
100000000000011111000000000000
100000000000011111000000000000
100000000000001110000000000001
110000000000000110000000000000
101000000000000000000000001001
