000000001000000000000000000000
000000000000000000000000000000
000000000000000000000000000000
000000000100000000000000000000
000000000000000000000000000000
000000000000000000000000000000
000000000000000000000000000000
000000000110000000000000000000
110000000000000000000000000000
101000000000000000000000000000
111100000000000000001000000000
011000000000000000001000000000
111000000000000000000000000000
101100000000000000000001000000
001100000000000000000011000000
011000000000000000000010000000
011000000000000000000000000000
011000000000000000000100000000
011000000000000000000000000000
110000000000000000001000000000
100000000000000000010000100000
100000000000000000100001110000
000000000000000001100111100000
000000000000000011000111000000
000000000000000011100000000000
000000000000000011000000000000
000000000000000000000000000000
000000000000000000000000000000
000000110000000000000000000000
000000110000000001010000000000
