000000000000000000000000000000
000000000000000000000000000000
000000000000000000000000000000
000000000000000000000000000000
000000000000000000100000000000
000000000000000001000110000000
000000000000000011101111000000
000000000000000001001111000000
000000000000000000011111000000
000000000000000000111110000000
000000000000000001111110000000
000000000000000011100110000000
000000000000000111001110000000
000000000000001110001100000000
000000000000010100011100000000
000000000000011100011100000000
000000000000101100011100000000
000000000001111111111110000000
000000000000111111111110000000
000000000000000000111000000000
000000000000000000111000000000
000000000000000000111000000000
000000000000000000110000000000
000000000000000000000000000000
000000000000000000000000000000
000000000000000000000000000000
000000000000000000000000000011
000000000000000000000000000011
000000000000000000000000000000
000000000000000000000000000000
