000000000000000000000000000000
000000000000000000000000000000
000000000000000000000000000000
000000000000000000000000000000
000000000000000000000000000000
000000000000000011111000000000
000000000000000011111000000000
000000000000000011111000000000
000000000000000011111000000000
000000000000000111111000000000
000000001000000111111000000000
111111111111111111111000000000
101111100101011110111000000000
000001111011011100111000000000
000001011010111100111000000000
000000000111111000111000000000
000000001101110000111000000000
000000001111110000111000000000
000000000111111111111110000000
000000000011111111111110000000
000000000010001000111000000000
000000000000000000111100000000
000000000000000000111000000000
000000000001000000110000000000
000000000000000000000000000000
000000000000000000000000000000
000000000000000000000000000000
000000000000011000000000000000
000000000000001000000000000000
000000000000000100000000000000
