000000000000000100000000000000
000000000000000000000000000000
000000000000000000000000000000
000000000000000000000000000000
000000000000000000000000000000
000000000000000000000000000000
000000000000000000000000000000
000000000000000000010000000000
000000000000000000011000000000
000000000000000000010000000000
000000000000000000000000000000
000000000000000000000000000000
000000000000000000000000000000
000000000000000000110000000000
000000000000000000110000000000
000000000000010000110000000000
000000000000000001100000000000
000000000000000000100001110000
000000000000111111110001110001
000000000000111111100000000000
000000000000000000000000000000
000000000000000000000000000000
000000000000000000000000000000
000000000000000000000000000000
000000000000000000000000000000
000000000000000000000000000000
000000000000000000000000000000
000000000000000110000000000000
000000000000000110000000000000
000000000000000100000000000000
