000000000000000000000000000000
000000000000000000000000000000
000000000000000000000000000000
001000000000000000000000000000
010000000000000000000000000000
000000000000000000000000000000
000000000000000000000000000000
000000000000000000011000000000
000000000000000000111000000000
000000000000000001111000000000
000000000000000001111000000000
000000000000000011111000000000
000000000000000110011000000000
000000000000001110011000000000
000000000000011100011110000001
111111111111111100111110000000
101111111110111000011100000000
110001000001110000011000000000
010000000001110000011000000000
000000000001111111111110000000
000000000000111111111110000000
000000000000000000011000000000
000000000000000000011000000000
000000000000000000011000000000
000000000000000000000000000000
000000000000000000000000011000
000000000000000000000000000000
000000000000000000000000000000
000000000000000000000000000000
000000000000000000000000000000
