000000000000000000000100000000
000000000000000000000000000000
000000000000000000000000000000
000000000000000000000000000000
000000000000000000000000000000
000000000000110000000000000000
000000000000000000000000000000
000000000000000000000110000000
100001010000011111101111000000
110010101000011101111010000000
111111010000011100011100000000
100111100010111101111000000000
101111000001111111111100000000
111101111111111111111110000000
000000111101011111010111011111
000000000000111110011000000001
000000000000011111111100000000
000000000011111000111110000000
000000000111110000111100000000
000000000111111001011000000000
000000000011111111111110000000
000000000000000000111110000000
000000000000000000111100000000
000000000000000000111100000000
000000000000000000011100000000
000000000000000000011110000000
000000000000000000011100000000
000000000000000000001000000000
000000000000000000000000000000
000000000000100000000000000000
