000000000000000000000000000000
000000000000000000000000000000
000000000000000000000000000000
000000000000000000000000000000
000000000000000000000000000000
000000000000000000000000000000
000000000000000000000000000000
000000000000000000000000000000
000000000000000000000000000000
100000000000000000000000000000
100000000000000000110100000000
000000010000000001111110000000
000000000000000011111110000000
000000000000000011101100000000
000000000000000111001100000000
000000000000001110011100000000
000000000001111110011100100000
000000000011111111111111110000
000000000001100011111111100000
000000000000000000111111000000
000000000000000000111000000000
000000000000100000111000000000
000000000000000000111000000000
000000000000000000011000000000
000000000000000000000000000000
000000000000000000000000000000
000000000000000000000000000000
000000000000000000000000000000
000000000000000000000000000000
000001000000000000000000000000
