000000000001000000000000000000
000000000000000000000000000000
000000000000000000000000000000
000000010000000000000000000000
000000100000000000000000000000
000001100000000000000111000000
000000000000000000001111100000
000000000000000000111111000000
000000000000000111011110000000
000000000000001111111110000000
000000000000001001111110000000
000000000000000011101110000000
000000000001000111001110000000
000100000001001110001100000000
000000000000011100001100000000
000100000000011100011100000000
000000000001111000011100000000
000000000001111111111111100000
000000000000111111111111100000
000000000000000000111000000000
000000000000000000111000000000
000000000000000000111000000000
000000011000000000111000000000
000000000000000000010000000000
000000000000000000000000000000
000000000000000000000000000000
000000000000000000000000000000
000000000000000000000000000011
000000000000000000000000000000
000000000000000000000000000000
