000001000001000010001000000000
000000000000000000000000000000
000000000000000000000000000000
000000000000010000000000000000
000000000000000000000000000100
000000001100000000000000000000
000000001100000000111000000000
000000000000000001111100000000
000000000000000001111100000000
000000000000000011111100000000
000000000000000011111100000000
000000000000000111111000100000
000000000000001111111001100000
000000000000001111111001100000
000000000000011111111001100000
000000000000111111110000000000
100000000000111101110000000000
110000000001111101111000000000
011000000001111111111100000000
000110100001111011111100000000
000001100001110011111000000000
000000000001000011110000000000
000000000000000011100000000000
000000000000000011100000000000
000000000000000011100000000000
000000000000000000000000000000
000000000000000000000000000000
000000000000000000000000000000
000000000000000000000000000000
000000110000000000000000000000
