000000000000000001100000000010
000000000000000000000000000000
000000000000000000000000000000
000000000000000001100000000001
000000000000000000100000000000
000000000000000000000000000000
000000000000000000000000000000
000000000000000000111000000000
000000000000000000111000000000
000000000000000000010000000000
000000000000000000000000000000
000000000000000000000000000000
000000000000000000000000000010
000000000000000000000000000111
000000000000000000000000001101
111100000000000000000000011111
001100000000000000000110111000
000000000000100100011111111000
000000000000001111111100101000
111100001000001111001001111000
101110000111111000011100100000
110010011111111000010000000000
000000001000011100110000000000
000000000000011001101000000000
000000000111100000011000000000
000000001110000000001100000000
000000000100000000100100001101
000000000000000001100000011010
000000000000000001100000000110
000000000000100111000000000101
