000000000010010110000000000000
000000000000000000000000000000
000000000000000000000000000000
100000000000000110000000000000
110000000000001111100000000000
110000000000000111100000000000
110000000000000011100000000000
100000000000000111100000000000
100000000011000111110001000001
101100000011001111110001110011
111100011110111111100001100001
111111101111111111110001100010
000110111100111011100010100011
000110011011111001110011000001
100000011111111111101110000000
000000001001111111111010000000
000000000001110011111111110001
000011011011100011101011111111
000010011011111111111011001111
000000010111111111111111100010
000000011110110111110001010000
000000000000110011100000100000
000001000000000011100000000001
000000000000000011110000000001
000000000000000011101000000000
000000011000000011000100100000
000000001100010000100011000000
000000001000000000000011000000
000000011100000000000011000000
000011011000000001000001010000
