000000000000001110000000000000
000000000000011110000000000000
000000000000011100000000000000
000000000000011100000000000000
000000000000011100000000000000
000000000000111000000000000000
000000000000111000000000000000
000000000000111100000000000000
000000000001110110000000000000
000000000001110011000000001000
000000000001110111000000001100
000000000011110111000000001000
000000000011110011100000000000
000000000011111111110000000000
000000000011101111110000000011
000000000001111111100000000011
000000000000101111000000000110
000000000000111111100000000011
000011000000111111000000000011
000011000000000010000000000110
000011000000000000000000001100
000011000000000000000000001100
000011000000000000000000001000
000010000000000000000000000000
000111000000000000000000000000
000110000000000000000000000000
000100000000000000000000000000
000000000000000000000000000000
000000000000000000000000000000
000000000000000000000000000000
