000100101000000000000000000000
000000110000000000000000000000
010011010000000000000000000000
111011110000000000000000000000
000001011100000000000000000000
000000001110000001100000000000
000000001100000011110000000000
000000000000000011110000000000
001100000000000111100000000000
111100000000001111111000000000
010011100000001110001110000000
111111000000011110010100000000
111111100000011110111100000000
111101110000111111111011000000
100000110000111100111111000000
000100000000111100111111000000
001110100000111100111100000000
111111110001110000111000010001
101111100011110011111100000111
000001110011111111111100001101
000000110001111111111110010111
000001110011111111111110011011
111011111111111111111110000111
011111110111011100111110000011
000000001110111000111100000000
000000001111111000000000000000
000000000011110000000000000000
000000000010100000000000000000
000000000001110000000000000000
000000001000100100000000000000
