011110100000000000000000000000
000000000000000000000000000000
000000001100000000000000000000
000000000000000000000000000000
001100000000000000000000000000
001100001100000000000000000000
011110011110000000000000000000
010001001100000000000000000000
000000000000000000000000000000
000000000000000000000000000000
110000000000000000011000000000
110000001000000000111000000000
110000011000000000011000000000
000000011000000000011000000000
000000001100000100011000000000
000000111100000100011000000000
000000110000000000011000000000
000001110000110000011000000000
000000100001100000011000000000
000000000001110000011000000000
000000000000100000011000000000
000000000000000000011000000000
000000000000000000011000000000
000000000000000000011000000000
000000000000000000001000000000
000000000000000000011100000000
000000000000000000001011000000
000000000000000000000111000000
000000000000000000000111000000
000000000000000000000011000000
