000000000000000000000000000000
000000000000000000000000000000
000000000000000000000000000000
000000001000000000000000000000
000000000000000000000000000000
000000000000000000000000000000
000000000000000000000000000000
000000000000000000000000000000
000000000000000000000000000000
000000000000000001100000000000
000000000000000001110000000000
000000000000000011110000000000
000000000000000111110000000000
000000000000001111100000000000
000000000000001111000000000000
000000000000001111000000000000
000000000000011110011000000000
000000000000011100111100000000
000011000011111101111100000000
000011000001111000111000000000
000010000001111111111110000000
000000000001111111111110000000
000000000000000111111000000000
000000000000000000101000000000
000000000000000000111000000000
000000000000000000111000000000
000000000000000000010000000000
000000000000000000000000000000
000000000000000000000000000000
000000000000000000000000000000
