010000000011101001000000010000
000000000010110110000000000000
100000000001011110000000000000
000000000000101111000001110000
000000000001111111000011110000
000000000011111010100110000011
000000000010111111111111110011
100000000011101011111111111111
100000000001100111110001001111
100000000001100111111011000110
100000000001011111110111000001
100000000000111111111010001111
000000000000111111111111101101
000000000001111111111011110111
000000000001111111111111111111
000000000001111111111101110101
000000000011111111111100011110
111011100011111011111000000011
110001100011111111111111000010
000011110011111111111111000001
000101110111111111111110111001
101110111011100011110000111111
101111101010110011111000001011
001110000000100011110000000001
011110000000000011110000001011
111100000000000101100000000111
111100000000000011110000001011
111100000000000000000000000111
110100000000000000000000000000
111000011000000110000100000101
