000000000000001000000000000000
000000000000001000000000000000
000000000000000000000000000000
000000000000000000000000000000
000000000000000000000000000000
000000000000000000000010000000
000000000000000000000111000000
000000000000000000001111000000
000000000000000000011110000000
000000000000000000011110000000
000000000000000001001110000000
000000000000000011111110000000
000000000000000001001100000000
100000000000001111001000000000
000000110000001111011110000000
000000000000111000001110000000
001100000011111000011101000000
001100000011111111111111100000
000000000111111111111111010000
000000000000000111111000111100
000000000000000011111111111111
000000000000000001111101000110
000000000000000001111011000100
000000000000000001110000000000
000000000000000000000000000000
000000000000000000000000000000
000000000000000000000000000000
000000000000000000000000000000
000000000000000000000000000000
000000000001000000000000000000
