000000000000100000000000000000
000000000000000000000000000000
000000000000000000000000000000
000000000000000000000000000000
000000000000000000000000000000
000000000000000000000000000000
000000000000000000000000000000
000000000000000000011000000000
000000000000000000111000000000
000000000000000000111000000000
000000000000000000011000000000
000000000000000000011000000000
000000000000000000011000000000
000000000000000000111000000000
000000000000011000111000000000
000000000000110000111000000000
000000000000111111111000000000
000000000000011111111100011110
000000000000000000011000011110
000000000000000000011000000000
000000000000000000011000000000
000000000000000000011100000000
000000000000000000011100000000
000000000000000000000000000000
000000000000000000000000000000
000000000000000000000000000000
000000000000000000000000000000
000000000001000000000000000000
000000000011000000000000000000
000000000110000000000000000000
