010000100000000000000000000000
000000000000000000000000000000
000000000000000000000000000000
000001000000000000000000000000
100001100000000000000000000000
100000000000000000000000000000
011000000000000000000000000000
000000000000000000110000000000
000000000110000000110000001100
000001000110000100110000011110
000001100000000000110000011111
000000100000000000110000010111
000000000000000000110000010111
000000000000011000110000011001
000000000000110000110000010001
000000000001100000010000001000
000000000001110000111000000000
000000000001100000111000000000
000000000000000000110000010000
000000001100000000110000111000
000000001100000000110000111000
000000001111100000000000011100
000000000001010000000000001100
000000000000100000000000000000
000000000001100010000000000000
000011000111111000001100000000
110001100111110000001100000000
011000100010111000000000000000
011001110110001000000000000000
111101101111010001001100000000
