000001100000000000000000000000
000001100000000000000000000000
000011100000000000000000000000
000001100000000000000000000000
010000010000000000000000000000
011000111100000000000000000000
001000111000000100000000000000
000000011110000000000000000000
000000000011000000000000000000
000000111110000000000000000000
000011110100000000000000000000
111111011000000000000000011000
110100010000000000000000001000
101100100000000000000000000000
000000000000000000000000000000
000000000010000000000000000000
000000000000000000000000000000
000000000000000000000000000000
000000000000000000000000000000
000000000000000000000000000000
000000000000000000000000000000
000000000000000000000000000000
000000000000000000000000000000
000000000000000000000000000000
000000000000000000000000000000
000000000000000000000000000000
000000000000000000000000000000
000000000000000000000000000000
000000000000000000000000000000
000000000000000110000000000000
