001000000010100000000000000000
000000000000000000000000000000
001101000000000001111000000000
111111100000111111111000000000
111101000000111101111100000000
111100000000111111111100000000
001110000000111111111100000000
001100000000111111111100000000
000000000001111111111000000000
000000000001111100000000000000
100000000001111100000000000000
100000000001111111111000000000
100000000001111111111100000000
100000000001111111111110000000
100000000001111111111110000000
100000000000100001111110000000
100000000000000000111110000000
100000000000000000111110000000
000000000001111011111110000000
000000000011111111111110000000
110000000011111111111110000000
110000000011111111111100000000
000000000001111111111000000000
000000000000000111000000000000
000000000000000101000000000000
000000000000000110000000000110
000000000000000110000000000010
000000000000000100000000000000
000000000000000000000000000000
000000000000000000001000000000
