000000000000000000000000000010
000000000000000000000000000000
000000000000000000000000000000
000000000000000000000000000000
000000000000000000000000000000
100000000000000000000000000000
100000000000000111111000000000
000000000000101011111100000000
000000000001011111111000000000
000000000000101000000000000000
000000000000110000000000000000
000000000000011000000000000000
000000000000111011111000000000
000000000001011110011000000000
000000000011111111111100010001
000000000001111111111110000011
000000000000111100111110000011
000000000000000000111110000000
000000000000000000111110000000
000000000000000000111110000000
000000000001111000111110000000
000000000001110000111110000000
000000000001110000111110000000
000000000001111100111110000000
000000000000111111111100000000
000000000000011111111000000000
000000000000000001100000000000
000000000000000000000000000010
000000000000000000000000000111
000000000000000011000000000110
