000000000000000000000000000000
000000000000000000000000000000
000000000000000000000000000000
000000000000000000000000010000
000000000000000000000000000000
000000000000000000000000000000
000000000000000111111000000000
000000000000001111111000000000
000000000000001100000000000000
000000000000001100000000000000
000000000000001100000000000000
000000000000011100000000000000
000000000000011111110000000000
000000000000011111111000000011
000000000000011111111000000111
000000000000001000011000000110
000000000000000000001100000000
000000000000000000001100000000
000000000000000000011100000000
000000000000100000011100000000
000000000000110000011000000000
000000000000111111011000000000
000000000000111011111000000000
000000000000011011110000000000
000000000000000110100000000000
000000000000000001000000000000
000000000000000011000000000000
000000000000000011100000000000
000000000000000011000000000000
000000000000000010100000000000
