000000000000000000000000000000
000000000000000000000000000000
000000000000000000000000000000
000000000000011111000000000000
000000000000111111111110000000
011111111000111111111110000000
011111111000010000000000000000
000000000000111000000000000000
000000000000010000001110000000
000000000000010000000110000000
000000000000010000000000000000
000000000000010000000000000000
000000000000110011111100000000
000000000001111111111110000000
000000000000111100000111000000
000000000000000000000001100000
000000000000000000000001100000
000000000000000000000001100000
000000000000000000000001100000
000000000000000000000001100000
000000000000000000000011100000
000000100000011100011111000000
000001110000011111111110000000
000000011100010111111000000000
000000011000000111111000000000
000000000000000000000000110000
000000000000000000000000110000
000000000000000000000000000000
000000000000000000000000000000
000000000000000000001001000010
