000000000100000000000000000000
000000000000000000000000000000
000000000000000010000000000000
000000000000000110000000000000
000000000000000100000000000000
000000000000001000000000000000
000000000000011111111000000000
000000000000111111111000000000
000000000000110000000000000000
000000000000110000000000000000
000000000000111000000000000000
000000000000111110000000000000
000000000000001111000000000000
000000000000000111100000000001
000000000000000001111100000001
110000000000000001111110000000
001000100000110001111000000001
000011110000110000110000000000
000001000001100011100000000000
000000000000110011100010000000
000000000000011111101110000000
000000000001111100011110000000
000000000001110000000100000000
000000000000000000000000000000
010000000000000000000000000000
111000000000000000000000000000
111000000000000000000000000000
110000000000000000000000000000
000000000000000000000000000000
000000000000000000000000000000
