000000000000000000000100000000
000000000000000000000000000000
000000000000000000000000000000
000000000000000000000000000000
000000000000000000000000000000
000000000000000000000000000000
000000000001111111111000000000
000000000001111111111000000000
000000000011111111111000110000
000000011011111111111000110000
101000111001110000000000000000
000000000000010000000000000000
000000000000111111100000000000
111110000001111111110000000000
111101001111111111111000000000
001110001001111100111000000000
000000000001110000111100000000
000000000000000000111100000000
000000000000000000011110110000
000000000000000000111100111000
000000000011110001111100010000
000000000011111100111100000000
000000000011111111111000000000
000000000000111111111000000001
000000000000001111111000000011
000000000000000000000000000000
000000000000000000000000000000
000000000000000000000000000000
000000000011000000000000000000
000000000011000000000000000000
