000000000000000100000000000000
000000000000000000000000000000
010000000000000000000000000000
111000000000011000000000100000
111000000000011111111111010000
011000000000011111111110001000
111000000000101111111110011000
000000000000110011111100000000
000000000000111000000000000000
000000000000111000000000000000
000000000000111000000000000000
000000000000111111111000000000
000000000000111111111110000000
110000000001111100111111000000
000000000000111000001111000000
000000000000000000001110000000
000000000000000000001111000000
000000000000000000000111000000
100000100000011000001111000000
000000000001110100111111000000
111000000001111111111110000000
011111111000111110111110000000
000110111100111111111100000000
000001100000111111111000000000
000000000000011000000000000000
000000000000000000000000000000
000000000000000000000000000000
000000000000000000000000000000
100000000000000000000000000000
100000000010000000000000000000
