000000000000000000000000000000
000000000000000000000000000000
000000000000000000000000000000
000000000000000000000000000000
000000000000000000000000000000
000000000000000000000000000000
000000000000000000000000000000
000000000000000000000000000000
000000000000000000000000000000
000000000000000000000000000000
000000000000000000000000100000
000000000000000000000111100000
000000000000000000001111100000
000000000000000000000100000000
000000000000000000000000000000
000000000000000000000000000000
000000000000000001111000000000
000000110000100001111100000000
000000110001110000000110000000
000001110001111000000110000000
000000000011111000000110000000
000000000000111000001100000000
110000000000110000011100000000
110000000000110000011100000000
000011000001110000000000000000
000001000001110000000000000001
000000000000100000000000000000
000000000000100000000000000000
000000000001000000000000000000
000000110001100000000000000000
