000001000000000000000000000000
000000000000000000000000000000
000000000000000000000000000000
000000000000000000000000000000
000000000000000000000000000000
000000000000000000000000000000
000000000000001111111100000000
000000000000011111111100000000
000000000000011100000000000000
000000000000011000000000000000
000000000000011100000000000000
000000000000011111111000000000
000000000000010111111100000000
000000000000001010001100000000
000000000000000000000010000000
000000000000000000000111000000
000000000000000000000111000000
000000000000000000000111000000
000000000000000000000110000000
000000000000011000001110000000
000000000000011111111100000000
000000000000001111111000000000
000000000000000000000000000000
000000000000000000000000000000
000000000000000000000000000000
000000000000000000000000000000
000000000000000000000000000000
000000000000000000010000000000
000000000000000011100000000000
000000000000011110000000000010
