000000000000000000000000000000
000000000000000000000000000000
000000000000000000000000000000
000000000000000000000000000000
000000000000000000000000000000
000000000000000110000000000000
000000000000001111101100000000
000000000000001111111000000000
000000000000001100110000000000
000000000000001100000000000000
000000000000011100000000000000
000000000000011100000000000000
000000000000011111110000000000
000000000000011111111000000000
000000000000111100111000000000
000000000000011000011100000000
000000000000000000011100000000
000000000000000000011100000000
000000000000100000011100000000
000000000001110000011100000000
000000000001110000011100000000
000000000001111000111000000000
000000000000111111111000000000
000000000000010111110000000000
000000000000000011100000000000
000000000000000000000000000000
000000000000000000000000000000
000000000000000000000000000000
000110000000000000001000000000
000110000000000000001100000000
