000000000100100000000000000000
000000000000000000000000000000
000000000000000000000000000000
000000000000000000000000000000
000000000000000000000000000000
000000000000000000000000000000
000000000000000000000000000000
000000000000000000000000000000
000000000000000000000000000000
000000000000000000000000000000
000000000000000000000000000000
000000000000000000000000000000
000000000000000000000000000000
000000000000001111111000000000
000000000000111111111000000000
000000000001111000000000000000
000000000000111000000000000000
000000000000011000000000000000
000000000000011111110000000000
000000000000011111111000000000
000000000000011111111100000000
000000000000001000001110000000
000000000000000000001110000000
000000000000000000000110000000
000000000000000000000110000000
100000000000000000000110000000
000000000000000000000110000000
000000000000011000000100000000
000000000000011111000000000000
000000000000011111101000000000
