000000000000000000000011001000
000000000000000000000000000000
000000000000000000000000000000
000000000000000000000000000000
000000001100000000000000000000
000000001100000000000000000000
000000000000000000000000000000
000000000000000000000000000000
000000000000000000000000000000
000010000100000000000000000000
000000000110110000000000000000
000000000001111000001111110001
000000000000011000001111110001
000000000000011110000000000000
000000000000111110000000000000
000000000000100000000000000000
000000000000000000000000000000
000000000000000000000000000000
000000000000000000000000000000
000000000000000000000000000000
000000000000000000000000000000
000000000000100001000000000000
000000000001110011000000000000
000000000001100010000000000000
000010000000000000000000000000
110001000000000000000000000000
100010000000000000000000000000
000000000000000000000000000000
000000000000000000000000000000
100000000000000001000000000000
