000000000000000000001000000000
000000000000000000001100000000
000000000000000000000100000000
000000000000000000000000000000
000000000000000000000001000000
000000000000000000000011000000
000000000000000111111111000000
000000000000001111111100000000
000000000000001111111100000000
000000000000011110000000000000
000000000000011110000000000000
000000000000011101000000000000
000000000000111111110000000000
000000000000011111111000000000
000000000000111111111100000000
000000000000011110111100000000
100000000000000001111100000000
110000000000001101111100011000
001110000011011100111100000001
000110010011111000111110000011
000000110001111001111010000011
100000000001111111111011110111
110000000011111111111111100011
010000000000111111110000100001
010000000000001111100000000011
000000000000001100000000000001
000000000000001100000001100000
000000000000001100000011100000
000000000000000000000011000000
000000000000000000000010100000
