000000000000000000000000000000
000000000000000000000000000000
000000000000000000000000000000
000000000000000000000000000000
000010000000000000000000000000
000110000000000000000000000000
001110000000000000000000000000
011100000000000000000000001100
100000000000000000000000011000
000000000000000000001000100000
000000000000011111110100100010
101100011111111111111111110111
000000011111000000001100001000
000000011000000000011000000000
100000000000000000000000000000
100000000000000000000000000000
000000000000000000000011000000
000000000000000000000011000000
000000000000000000000000000000
000000000000000000000000000000
000000000000000000000000000000
000000000000000000000000000000
000000000000000000000000000000
000000000000000000000000000000
000000000000000000000000000000
000000000000000000000000000000
000000000000000000000000000000
000000000000000100000000000000
000000000000000110000000000000
000000000000000110000000000000
