000000000000000000000100000000
000000000000000000000000000000
000000000000000000000000000000
000000000000110010000000000000
000000000000110000000000001000
000000000000010000000000001100
000000000000000000000000001100
000000001100010000000000011000
000000000000111110111111110000
000000000000111111111111100000
000000000000111110000000000000
000000000000111111000000000000
000000000000111110000000000000
000000000000111110000000000000
100000000000111111111111000000
000000000000111111111111111100
110001110001111100011111111100
110001110010000000001111100000
000000001110000000001111100000
100000001111000000001111100000
100000010111111001000111100000
000000111010010001111111100000
000000000001100000111111111000
000000000000111110001111011100
000000000000111111111111100000
000000000000011111111111100000
000000000000011111111111000000
000000000000000101010000000000
000000000000000010000000000000
000000100100000000000000000000
