000000000000000001101000000000
000000000000000011000000000000
000000000000000000000000000000
000000001100000000000000000000
000000000100000000000000000000
100000000000011111111100000000
100000000000111111111100000000
100000000000111111111100000000
000000000000111111101000000000
000000000000111100000000001000
000000000001111100000000011100
000000000000111111110000011000
000000000000111111111000000000
000000000001101111111100000000
000000000000000111111110000000
000000000000000001111110000000
000000000000000000111110000000
000000000000000000111010000000
000000000000000001111110000000
000001100000111101111110000000
000000000001111111011100000000
000000000001111111111000000000
000000000000111111110000000000
000000000000000000000000000000
000000000000000000000000000000
000000000000000000000000000000
000000000000000000000000000000
000000000000000000000000000000
001100000000000000000000000000
001100000000000000000000000000
