000000000000010001100000100000
000000000000000000100000000000
000000000000000111000000000000
000000000000001110000000000000
000000000000001110000000000000
000000000000001101000000000000
000000000000001011110000000000
000000000000000101111111000000
000000000000000110111111111000
110110000000000011111111110110
111111000010000111111111111111
001111001111111111111111111000
111011111011111111111111111000
011011111111011111101010110000
111001111111111111110100000000
000000010000111111111100000000
000000001001111111111110000000
000000001111111111111110101000
000000001101111101011111111100
000000000000000000000111011100
001100000000111000000111101000
001100000011111100011111000000
000000000011111111111111000000
000000000000111111111111100000
000000000000111111111111110000
000000000000111111110000110000
000000000000111111100000000000
000000000000011110000000000000
000000000000001000000000000000
000100000000010001001000101000
