000001000000000000000000000000
000000000000000000000000000000
000000000000000000000000000000
000000000000000000110000000000
011111111111111111111111111000
011111111111111111111111111000
000000000000011111111100000000
000000000000001100000000000000
000000000000001000000000000000
000000000000001000000000000000
000000000000001000000000000000
000000000000001110011000000000
000000000000001110011100000000
000000000000000000001110000000
000000000000000000001110000000
000000000000000000000000000000
000000000000000000000000000000
000000000000000000000110000000
000000000000000000000110000000
000000000000011000001100000000
000000000000011100011100000000
000000000000001100011000000000
000000000000000000000000000000
000000000000000000000000000000
000000000000000000000000000000
000000000000000000000000000000
000000000000000000000000000000
000000000000000000000000000000
000000000000000000000000000000
000000000000000000000000000000
