000000000001111111100000000000
000000000001111111100000000000
000000000001111111100000000000
000000000001110100000000000000
000000011101111000000000000000
000000011111110000000000000000
000000000001110000000000000000
000000000001111111000000000000
000000000001111111100000000001
000000000001111111100000000001
000000000000111111100000000000
000000000000000011100000000000
000000000000000011100000000000
000000000000000001100000000000
000000000001110001100000000000
000000000001111011100000000000
000000000011111111100000000000
000000000011111111100000000000
000000000000111111000000000000
000000000000000000000000000000
000000000000000000000000000000
000000000000000000000000000000
000000000000000000000000000000
000000000000000000000000000000
000000000000000000000000000000
000000000000000000000000000000
000000000000000000000000000000
000000000000000000000000000000
000000000000000000000000000000
000000000000000000000000000000
