000111001000000000000000000000
000011000000000000000000000000
000011000000000000000000000000
000001000000000000000000000000
000011000000000000000000000000
000011000000011000000101100000
000011001100111000000111100000
000010001100110001000011000000
000000001110000011000110000000
110000011000000011100000000000
110000010000000011010000000000
000000000000000011101100000100
010000000000000000000110000000
110000000000000000000001000000
100000000000000000000001110000
000000000000000000000001100000
100000000000000000000001000000
100000000001110000100011000000
000000000001111001110011011001
000000000000011000110011111111
000000000000011000100000000011
000000000000001100010000000111
000000000000000100001000000000
000000000000000000000000000000
000000000000000000000000000000
000000000000000000000000000000
000000000000000000000000000000
000000000000000000001000000000
000000000000000000000000000000
010000000000000000000010000000
