000000000000000000000000000000
000000000000000000000000000000
000000000000000000111110000000
000000000000000001111110000000
000000000000000011110000000000
000000000000000011000000000000
000000000000000110000000000000
000000000000001100000000000000
000000000000011110000000000000
000000000000011100110000000000
000000000000000000110000000000
000000000000000000110000000000
000000000000000000110000000000
000000000000000001110000000000
000000000011000001110000000000
000000000011000011110000000000
000000000001100110110000000000
000000000000000001100110000000
000000000000000000000110000000
000000010000000000000000000000
000000010000000000000000000000
000000000000000001100000000000
000000000000000001100000000000
000000000000000000000000000000
000000000000000000000000000000
000000000000000000000000000000
000000000000000000000000000000
000000000000000000000000000000
000000000000000000000000000110
000000000000000000000000000110
