000000000000000000100000000000
000000000011111011000000000000
000000000011111111101000110000
000000000000001111011110000000
000000000000001100111110000000
000000010000000101010111111110
000000000000001111101000111111
000000000001111110000000000111
111000011001111100000000000000
111000000000001000000000000000
110000000001001000000000000000
100000000011111110000000000000
110000000001111111000000000000
000110000000101110000000000000
000011001001011110000000000000
000011001111001110001000000000
000111101111111100001100000000
000011000111110000000100000000
000011000110000000001000000000
000010001000000000011000000000
000000000000000000011100000000
000000100000000100101100000000
001100000000001111111000000000
001100000000001111100000000000
000000000000000100110000000000
000000000001100100010000000000
000000000001100111011000000000
000000000001000011101100000000
000000000000000110101100000000
000000000000000111011000000000
