000000000000000000000000000000
000000000000000000000000000000
000000000000000011000000000000
000000000000000011000000000000
000000000000000011000000000000
000000000000001111111100000000
001100000000011111111100000000
001100000000111000000000000000
000000000000111000000000000000
000000000000111000000000000000
000000000000111000000000000000
000000000000111111111000000000
000000000000111111111100000000
000000000001111100111110000000
000000000000111000011110000000
000000000000000000001111000000
000000000000000000000111000000
000000000000000000000111000000
000000000000000000000111000110
000000000001110000001110000100
000000000001111000011110000000
000000000001111101111100000000
000000000000111111111000000000
000000000000001111110000000000
000000000000000000000000000000
000000000000000000000000000000
000000000000000000000000000000
000000000000000000000000000000
000000000000000000000000000000
000000000000000000000000000000
