000000000000000000000000000000
000000000000000000000000000000
000000000000000000000000000000
000000000000000000000000000000
000000000000000000000000000000
000000000000000000000000000000
000000000000000000000000000000
000000000000000000000000000000
000000000000000000000000000000
000000000000000000001100000000
000000000000000000001100000000
000000000000000000000000000000
000000000000000000000000000000
000000000000000000000000000000
000000000000000000000000000000
000000000000000000000000000000
000000000000000000000000000000
000000000000000000000000000000
000000000000000000000000000000
000000000000000000000000000000
000000000000000000000000000000
000000000000000000011100000000
000000000000000000000000000000
000000000000000000000000000000
000000000000000001111111100000
000000000011111110111111100000
000000000011111111000000000000
000000000000000000000000000000
000000000000000000000000000000
000001010000000000000000000000
