000000000000000000000000000000
000000000000000000000000000000
000000000000000000000000000000
000000000000000000000000000000
000000000000000000000000000000
000000000000000000000000000000
000000000000000111111100000000
000000000000001111111100000000
000000000000001111111000000000
000000110000001110000000000000
000000110000001100000000000000
000000000000011100000000000000
000000000000011111100000000000
000000000000011111110000000000
000001000000011111111000000000
000000000000011100111100000000
000000000000000000011100000000
000000000000000000011100000000
000000000000000000111100000000
000000000000110000111100000000
000000000001111000111100000000
000000000000111001111000000000
000000000000111111110000000000
000000000000011111100000000000
000000000000001110000000000000
000000000000000000000000000000
000000000000000000000000000000
000000000000000000000000000000
000000000000000000000000000000
000000000000100000000000000000
