000000000000000000000000000000
000000000000000000000000000000
000000000000000000000000000000
000000000000000000000000000000
000000000000000000000000000000
000000000000000000000000000000
000000000000000000000000000000
000000000000000000000000000000
000000000000000000000000000000
000000000000010000000000000000
000000000000110000010000000000
000000000000110000100000000000
000000000000110000100000000000
000000000000110000000000000000
000000000000110000000000000000
000000000000110000000000000000
000000000000010001110000000000
000000000000000001111000000000
000000000000000000011100000000
000000000000000000001110000000
000000000000000000001110000000
000000000000000000001110000000
000000000000100000001110000000
000000000001110000011100000000
000000000000111000111000000000
000000000000011000110000000000
000000000000000000000000000000
000000000000000000000000000000
000000000000000000000000000000
000000000000000000000000000000
