000000000001011100000000000000
000000000000000000000000000000
000000000000000000000000000000
000000000000000000000000000000
000000000000000000000000000000
000000000000000000000000000000
000000000000000000000000000000
000000000000000000000000000000
000000000000000000000000000000
000000000000000000000000000000
000000000000000000000000000000
000000000000000000000000000000
000000000000000000000000000000
000000000000000000000000010000
000000000000000000000000011000
000000000000011000000000000000
000000000000101000000000000000
000000000001111000000000000000
000000000000110110000000000000
000000000000001101000000000000
000000000000011000100000000000
000000000000010000100000000000
000000000000010001000000000000
000000000000000001000000000000
000000000000000011000110000000
000000000000000111000100000000
000000000000001100010010000000
000000000000001100111111000011
000000000000000101111111100011
000000001111111111011000100000
