000000000000000000000000000000
000000000000000000000000000000
000000000000000000000000000000
000000000000000000000000000000
000000000000000000000000000000
000000000000000000000000000000
000000000000000000000000000000
000000000000000000000000000000
000000000000000000000000000000
000000000000000000000000000000
000000000000000000000000000000
000000000000000000000000000000
000000000000000000000000000000
000000000000011111111100000000
000000000000111111111100000000
000000000000111000000000000000
000000000000111000000000000000
000000000000111100000000000000
000000000000111111110000000000
000000000000111111111000000000
000000000000111111111100000000
000000000000011100111110000000
000000000000000000001110000000
000000000000000000001111000000
000000000000000000011111100000
000000000000000000001111000000
000000000000000000001111000000
000000000000011101111110000000
000000000000111111111100000000
000000000000011111111000000000
