000000000000000000000000000000
000000000000000000000000000000
000000000000000000000000000000
000000110000000000000000000000
000000000000000000000000000000
000000000000000000000000000000
000000000000000000000000000000
000000000000000000000000000000
000000000000000000000000000000
000000000000011111111100000000
000000000000111111111100000000
000000000000111000000000000000
000000000000111000000000000000
000000000000111100000000000000
000000000000111111110000000000
000000000000111111111100000000
000000000000011111111110000000
000000000000001000111110000000
000000000000000000001110000000
000000000000000000000111000000
000000000000000000001111000000
000000000000000000001111001100
000000000000000000001110000000
000000000000011100111110000000
000000000000111111111100000000
000000000000011111111000000000
000000000000001111110000000000
000000000000000000000000000000
000000000000000000000000000000
000000000000000000000000000000
