010001101100100000011110000000
101001110110000000110000000000
111100011101000000110000000000
111001111110110000000000000000
110011101111011110100100000000
111111001101111111111100000000
110111111100111111111100000000
000111111000111110111111000000
000000000000111100000010000000
000000000000111000000000000000
000000000000111000000000000000
000000000000111111111000000000
000000000000111111111100000000
000000000001111111111110000000
000000000001111000011110000000
000000000000100000001111000000
000000000000000000001111000001
000000000000000000010111000011
000000000000000000001111000000
000000000001111000001110000000
000000000001111100011110000000
000000000001111111111110000000
000000011000111111111100000000
000000000000111111111000000000
110000000000010000000000000000
110000100000000000000000000000
111100011000000000000000000000
111100011001110000000000000000
101010101001111000000000000000
001111111101110000000000000000
