000000000011001101000011100111
000000000111101100000011010110
000000000011111100000111111011
000000000001110111100111110100
100000000111011111100001011100
100000001111111100100000111000
000000001110111111110001010011
001100001111111111111111100011
001111110001111111111101000000
100111101111111011111111000000
001110111111111000111111000000
101111110111111010010010000000
111101111111111111111111000000
001111011111111111111111000000
101110111111111111111111000000
011111111011111111111111000000
111111011111111101111111000000
111101111111111111111110111000
101111010011111111111110111011
110111011101111101111111011111
001111111111111101111111111111
011000001111111111111111111100
111111111101111111111100110001
101101111111111111111000000001
001100010111111111111010000000
101100111111111010101110000000
100000110110111011111110000001
000000000110110111011011000001
000000111001111111111111000000
001001111111111101001011100101
