000000000000000000000000000000
000000000000000000000000000000
000000000000000000000000000000
000000000000000000000000000000
000000000000000000000000000000
000000000000000000000000000000
000000000000000000000000000000
000000000000000000000000000000
000000000000000000000000000000
000000000000000000000000000000
000000000000000000000000000000
000000000000000000000000000000
000000000000000000000000000000
000000000000000000000011000000
000000000000000000000011000000
000000000000000000000000000000
000000000000000000000000000000
000000000000000000000000000000
000000000000000000000000000000
000000000000001000000000000000
000000000000011000000000000000
000000000000111000001100000000
000000000001111000011110000000
000000000000110000011000000000
000000000000000000010000000000
000000000000000000000000000000
000000000000000000001000000000
000000000000001000000000000000
000000000000000100000000000000
000000000010100111100000000000
