000000000000000000000010000001
000000000000000000000000000000
000000000000000000000000000000
000000000000000000000000000000
000000000000000000000000000000
000000000000000111111110000000
000000000000001111111111000000
000000000000011111111111000000
000000000000111111111111000010
000000000000111111110000001100
000000100001111100000000001100
010001100001111110000000000000
110001000001111111111110000000
000000001101111111111111001100
000000001101111111111111011100
000000000001111100001111100000
000011000001111100000111100000
000111000001111100001111100000
000111000000011100110111100000
000000000000111111011111100000
000000000000001111111111000000
000000000000011111111110000000
000001000000000111111100000000
000001100000000000000000000000
000000000000000000000000000000
000000000000000000000000000000
110000000000000000000000000000
010001100000000000000000000000
000000000000000000000000000000
000000000000000000000000000000
