000000000000000000000000000000
000000000000000000000000000000
000000000000000000000000000000
000000000000000000000000000000
000000000000000100000000000000
000000000000001111110000000000
001110000000011100110000000000
011110000000001000110000000000
001000000000000000000000000000
011111101000000000000000000000
010011111100000000000000000000
000100000000000011111000000000
100100000000001111110100000000
000000000000011110001100110000
000000000000011100001000110000
000000000000111000011111100000
000000000000110001111111100000
000000000001111111110011000000
000000000001111111000000100000
000000000001111100000000000000
000000000001111000011111000000
000000000001111111111110000000
000000000000111111110000000000
000000000000001100000000000000
000000000000000000000000000000
000000000000000010000000000000
000000000000000010000000000000
000000000000000000000000000000
000000000000000000000000000000
000000000000000110001000000000
