000000000010000000000000000000
000000000000000000000000000000
000000000000000000000000000000
000000000000000000110000000000
000000000000000000100000001100
000000000000000011111100001100
000000000000000111001110000000
000000000000001110001111000000
000000000000111100001111000000
000000010000111111111111000000
000000011000111101100111111101
000000011101111111111111111110
000000001010111111111110000000
000000001100111111111111000000
000000000000111110010111000010
000000000000111110000111100000
000000000000111100000111110000
000000000000111110000111100000
000000000000111110000011000001
000000000000111100000111000010
000000000000011100001111000011
000000000000001111001110000000
000000000000000111001100000000
000000000000000000000011100000
000000000000000000000001000000
000000000000000000000000000000
000000000000000000000000000000
000000000000000000000000000000
000000000000000000000000000000
000000000000000011000100000000
