000000000000000000000000000000
000000000000000000000000000000
000000000000000000000000000000
000000000000000000000000000000
000000000000000000000000000000
000000000000000000100000000000
000000000000000001000000000000
011000000000000010000000000000
000000000000000010000000000000
000000000000000100000000000000
000000000000000000000000000000
000000000000001000000000000000
000000000000000000000000000000
000000000001010000000000000000
000000000001110000000000000000
000000000000101110000000000000
000000000000111111000000000000
000000000011111111100000000000
000000000011101001100000000000
000000000011100000100000000000
000000000001000011110000000000
000000000001100011100000000000
000000000001100001000000000000
000000000001110011000000000000
000000000000111110000000000000
000000000000011100000000000000
000000000000000000000000000000
000000000000000000000000000000
000000000000000000000000000000
001000000000100000000010000000
