000000000000000000001100000000
000000000000000000000000000000
000000000000000000000000000000
000000000000000000011000000000
000000000000000001111111110000
000000000000010111111111110001
000000000000111111101111100000
000000000000111110000000000000
000000000000011100000000000000
000000000000011100000000000000
000000000000111000000000000000
000000000000111000000000000000
000000000000111101111111000000
000000000000111111111111100000
000000000000111111100111110000
000000000000111110000001110000
000000000000111000000000111000
000000000000111000000001111000
000000000000111000000000111000
000000000000011100000010111101
000000000000011100000111111000
000000000000101111111111100000
000000000000111111111111000000
000110000000010011111111000000
011110000000000000000000000000
011000000000000000000000000000
000000000000000000000000000000
000000000000000000100000000000
000000000000000000000000000000
000000000010000010000000000000
