000000100000000000000000000000
000000000000000000000000000000
000000000000000000000000000000
000000000000000000000000000000
000000000000000000000000000000
000000000000000000000000000000
000000000000000000000000000000
000000000000000000000000000000
000000000000000000000000000000
000000000000000000000000000000
000000011000000001111100000001
000100000000000011111100000001
000000000000001111000000000000
000000000000011110000000000000
000000000000011100000000000000
000000000000111000011111000000
000000000000110001111111100000
000000000001110111111001110000
000000000001111111000011110000
000000000001111100000111100000
000000000001111000011111000000
000000000001111111111100100000
000000000000111111110000000000
000000000000011100000000000000
000000000000000000000000000000
000000000000000000000000000000
000000000000111000000000000000
000000000000111000110000000000
000000000000000000110000000001
000000000000000000000000000000
