000000000000000000000000000000
000000000000000000000000000000
000000000000000000000000000000
000000000000000000000000000000
000000000000000000000000000000
000000000000000000000000000000
000000000011000000000000000000
000000000011000000000000000000
000000000000000000000000000000
000000000000000000000000000000
000000000000000000000000000000
000000000000000000000000000000
000000000000000000000000000000
000000000000000000000011000000
000000000000000000000011000000
000000000000000000000000000000
000000000000000000000000000000
000000000000000000000000000000
000000000000001000000000000000
000000000000011000000000000000
000000000000011100011100000000
000000000000011100011110000000
000000000000111000000110000000
000001000000111000000011100000
000000000000111100000111100000
000000000000111100110010000000
000000000000111000100000000000
000000000000011100000000000000
000000000000001110000000000000
000000000000000111100000000000
