101101101100100010000011000000
011011100000000000000011000000
010001100000000000000001000000
011111000000000001000111000000
111111000000000110100110000000
100011100000000011000100000000
100000001000000111010110000000
000000000000001111111011000000
001110100001111111111111000000
000101110001111111111111000000
000011110010111001111111000000
000111110001111111110100000000
000001100001111011011000000000
000000110011111111111110000000
000000111001111111111100000000
000000000101111111111110000000
000000000011111101111110000100
000000000001111111111111000100
000000000001111101111111000000
000000000011111101110111000000
000000000011111011100111000000
000000000010111101011111000000
000000000001111111111111000000
000000000010111111111100000000
000000000101001111111100000000
000000000111111111000011100000
000000000011110001001111110000
000000000011100000011110111111
000000011101100001001111110111
000000001010101001110000110010
