000000000000000000000000000000
000000000000000000000000000000
000000000000000000000000000000
000000000000000000000000000000
000000000000000000000000000000
000000000000000000001100000000
000000000000000010001110000000
000000000000000110000111000000
000000000000001100000111000000
000000000000011100000010000000
000000000000111000000000000000
000000000001111000000000000000
000000000001111000000000000000
000000000000111100001110010000
000000000000111100001111000000
000000000000111000000011000000
000000000000111000000011000000
000000000000111000000011000000
001000000000011000000011000000
011100000000011000000110000000
001000000000001100000110000000
000100000000000110001100000000
000110000000000000000000000100
000110000000000000000000001100
001100000000000000000000000000
000000000000000000000000000000
000000000000000000000000000000
000000000000000000000000000000
000000000000000000000000000000
000000000000000001000000000000
