000000000000000000000000010110
000000000000000000000000000000
000000000000000000000000000011
000000000000000000000000000011
000000000000000000000000000111
000000000000000000000000000111
000000000000000000000000001110
000000000000000000000010000111
000000011100000001101100000000
001000111110000111100110000000
101000011000100101000111000000
010100011101110011100010000000
000011111100100001110000000000
111110110100000111111000000000
110000111110000111110000000000
100000010110000111100000000000
000000001100001111000000000000
000000011111011111100000000000
000000111011011110000000000000
000000101010011100000010000000
000011100000111111111100000000
000011000000111111111110000000
010011000000111111011111000000
111100000000111100001111000000
111111000000111000000111000000
110110000000111000000111000000
110000000000111100000111000000
110000000000111111111111000000
010000000000011111111110000000
100000000000111111111100000000
