000000000000000000000000001010
000000000000000000000000000000
000000000000000000000000000000
000000000000000000000000000000
000000000000001100000000000111
000000000000000000000000000111
000000000000000000000000000101
000000000000000000000000000000
000100100000000000110000000000
001001110001100011110010000000
011000100011010111000000000000
011100010001111110000000000000
111100000000011111000000000000
011000000000111011110000000000
000000000001111111111101100000
000000000000110111111011100000
000000000001111100011110111100
000000000001111000001111111111
000000000001110000001110001101
000000000001110000000111000000
000000000001110000000111000000
000000000001111000001111100000
000000000001111000000111000000
000000000000111100001110000000
000000000000011111111111110000
000110111110011111111011100000
000011111100000101100000000000
000001001000000000000000000000
000000000000000000000000000000
000000111001000111010011000000
