000000000000100000000000000001
000000000000000000000000000000
000000000000000000000000000000
000000000000000000000000000000
000000000000000000000000000000
000000000000000000000000000000
000000000000001111100000000000
000000000000011111110000000000
000000000000111111110000000000
000000000000111101110000000000
000000000001111000110000000000
000000000001111000000000000000
000000000001110000000000000000
000000000001111111100000000000
000000011001111111110000000000
000000000011111111110000000000
000000000001111111111000000000
111100000011110111111000000000
111100000001110000111000000000
111000000001111000111000000000
000000000001111000111000000000
100000000000111001111000000000
110000000000011111110000000000
100000000000111111110000000000
000000001111101111100000000000
100001111111111111111100000000
000001100000100001111100000000
000000000000110000000010001100
000000000001000000000001001110
010000100011000000111001100100
