000000000000000000000000000000
000000000000000000000000000000
000000000000000000000000000000
000000000000000000000000000000
000000000001000000000000000000
000000000000000000000000000000
010000000000000111110000000000
000000000000000111110100000000
000000000000011111111100000000
000000000000011111011100000000
000000000000011111111100000000
000000000000111100000010000000
000000000000111111110000000000
000000000000111111111000000000
000000000000111111111000000000
000000000000111110111110000000
000000000001111111111100000000
000000000011111000111100000000
000000000001111000111100000000
000000000001111000111100000000
000000000000111000111000000000
000000000000111101111000000000
000000000000111111110000000000
000000000000011111110000000000
000000000000001111101000000000
000000000000001111111000000000
000000010000000011000000000000
000000000000000000000000000000
000000000000000000000000000000
000000000000000000000010000000
