011010010100010100000000000000
000000110000000000000000010000
000000011101000000000000111000
000011101110000000000000000000
110110111100100000000000000000
111011000001100000000000000000
110000111101100010000000000000
110000001111111111000000000000
000000000111011111111100000000
000000000111011111111110000000
000000001110011111110010000000
000000001111111111100010000000
000000000111111110011100000000
000000000111111111011000000000
000000000001111111111110000000
000000000001111111111111000000
000000000000111111111111100001
000000000000111111111111110000
000000000000111111001111110000
000000000000111111011111110001
000000000000111111101111111011
000000000000111110101111111111
000000000000111111011111110001
000000000000111111111111110000
000000000000111111111111110000
000000010000111111111111100000
010000000000011111111111000000
011000000000000000001111000000
000000000000000001101110000000
011000110000000011111010000000
