000000000000000000000000000000
000000000000000000000000000000
000000000000000000000000000000
000000000000000000000000000000
000000000000000000000000000000
001100000000001111111000000000
000000000000011111111100000000
000000000000111100011110000000
000000000000111000001110000000
000000000001101000000100000000
000000000001010000000000000000
100000000001110000000000000000
000000000011110111111000000000
000000000011111111111100000000
000001100001111100011110000000
000000000011111000001110000000
000000000111111000000111000000
000000000101110000001111000000
001100000101110000010110000000
001100000011111000111111000000
000000000001111101111111000000
000000000001111100111110000000
000000000000000000111100000000
000000000000000000000000000000
000000000000000000000000000000
000000000000000000000000000000
000000000000000000000000000000
000000000000000000000000000000
000000000000000000000000000000
000000000000000000000000000000
