000000000000000000000000000000
000000000000000000000000000000
000000000000000000000000000000
000000000000000000000000000000
000000000000000000000000000000
000000000000011111100000000000
000000000000111111110000000000
000000000000111001111000000000
000000000000110000111000000000
100000000001110000011000000000
011000001001100000000000000000
011100000001100010000000000000
110000000011100111110000000000
100000100001011000111000000000
000000110011111001110100000011
000000000011110000111000000011
000000000001110000111000000010
000000000011100000111000000000
000000000011100000111100000000
000000000001110000111100000000
000000000001111000111000000000
000000000011111100111000000000
000000000111111111110000000000
000000000000111111111000000000
000000000000011111111000000001
000000000000000000100001000000
000000000000000000000111000000
000000000000000000000011110000
000000000000000000000001110000
000000000000000000110010110000
