110100111100000000000000000000
001111111000000000000000000000
000111100000000000000000000000
001111000000000000000000000000
001111001000000000000000000000
001110010100000000000000000000
001111111000000000000000000000
000111000000000000000000000000
001110000000000000010000000110
001100000000000000011000001110
000000000000000000011000001110
000000000000000000000000001100
000000000000000000000000000000
000000000000000000000000000000
000000000000000000000000000001
000000000000000000000000000011
000000000000000110000000000011
000000000010001111000000000011
000000000000011111000000000011
000000000010011101000000000011
001111111001111111101110000001
001111110000110111001111000111
000011110001110010000110000011
000000000001100000000000000100
000011110011100000000000000111
111111111111100000001101000111
110111111000000000011111101111
000110011000000000110011100111
000000001000000000010110110000
110100001100001000001010101000
