000000000000110000000000001000
000000000000111000000000000000
000000000000010000000000000001
000000000000000000000000000011
000000000000000000000000000010
000000000000000001111100000100
000000000000000011111110000000
000000000000000111111111000000
000000000000001111100111000000
000000000001101111100011100000
000000000000011110000000110000
000000000000011110000000001000
000011000111111111111000010100
000111001111111111111111111100
000110001111111111111111101000
000110000000111110101111011100
000110000000111101111101011101
000000000000111101110111001100
000000000000111100001111000000
000000000000111110001111000000
000000000000011111011110000000
000000000000000111111100000000
000000000000000111111000000000
000000000000000011100000000001
000000000000000000000000000001
000000000000000000000000000000
000000000000000000000110000000
000000000000000000000000000000
000111001100000000000000000000
000011111110000000000000000000
