000000000110000000000000000000
000000000000000000000000000000
000000000000000000000000000000
000000000000000000000000000000
000000000000000000000000000000
000000000000000000000000000000
000000000000000000000000000000
000000000000000000000000000000
000000000000000000000000000000
000000000000000000000000000000
000110010000000000000001100000
000110111000100000000000000000
000000010001000000100000000000
100000000010000001110000000000
000000000000000000110000000000
000000000000000111100000000000
000000000000001111000000000000
000000000000001111000000000000
000000000000011110000000000000
000000000110011100000000000000
000000000110011111111000000000
000000000000111111111100000000
000000000000111111001110000000
000110000000111100001111000000
000110000000111000000111000000
000100000000111000000111000000
000000000000011100000111000000
000000000000001111011111000000
000000000000001111111110000000
000000000000000111111100000000
