000000001101110100000000100000
000000001110111010000000000000
000000000110111111100000000000
000000000000110101100000010000
000000000000011101110000011001
000000000000111111111010001111
000000000001111111111111101100
000000000001111111111111111100
000000000001111001111110001000
000000000001111001111110001001
000000000001111010110110010101
000000000011110110011111011110
000000000011111111111101111111
000000000001111111111111001101
000000000001111110111111000001
000000000001111010001110000000
000000000001111111011111000000
000000000011111010101111000000
111111110011110001111111000000
111111111111110001101110000000
000000001111111111111110000000
000000001001111111111110000000
000000000111111111111110000000
000000000111111111111000000000
000000000000000000000000000000
000000000000000000000000000000
000000000000000000000000000010
000000000000000000000000000111
000000000000000000000000000110
000000000000000000000000110100
