000000000000000000000000000000
000000000000000000000000000000
000000000000000000000000000000
000000000000000000000000000000
000000000000000000000000000000
001100000000000000000000000000
000000000000000000000000000000
000000000000000000000000000000
000000000000000000000000000000
000000000000000000000000000000
000000000000000001111000000000
000000000000000011111000000000
000000000000001111000000000000
000000000000011110000000000000
000000000000011100000000000000
000000000000111000000000000000
000000000000110001110011100000
000000000001110001100001110000
000100000001111000000001110000
000110000001110000000111100000
000000000010011000011111000000
000000000001111111111100000000
000000000000111111100000000000
000000000000001100000000000000
000000000000000000000000000000
000000000000000000000000000000
000000000000000000000000000000
000000000000110000000000000000
000000000000110000000000000000
010000000000000000000000000000
