000000000000000000000000000000
000000000000000000000000000000
000000000000000000000000000000
000000000000000000000000000000
000000000000000000000000000000
000000000000000000000000000000
000000000000000000000000000000
000000000000000000000000000000
000000000000000000000000000000
000000000000000000000000000000
000000000000000000000000000000
000000000000000000000000000000
000000000000000000000000000000
000000000000000000000000000000
000000000000000000000000000000
000000000000000110000000100000
000000000000000111000000100000
000000000000000001000000000000
000000000000000000000000000000
000000000000000000000000000000
000000000000000000000000000000
000000000001100000000000000001
000000000001100000000000000000
000000000001100000000000000000
000000000001110000000000000000
000000000000110000000000000000
000000000000000000000000000000
000000000000000000000000000000
000000000000000000000000110000
000000000000010000000000110000
