000000000000000000000000000000
000000000000000000000000000000
000000000000000000000000000000
000000000000000000000000000000
000000000000000000000000000000
000000000000000000000000000000
000000000000000011111000000000
000000000000000011111110000000
000000000000000111000011000000
000000000000001111000001000000
000000000000001110000000000000
000000000000010100000000000000
000000000000111010100000000000
000000000001101011010000000000
000000000000111011100110000000
000000000000111011001110000001
000000000000111000001010000011
000000000000111000010110000110
000000000000000000011110000010
000000000000000000001110011100
000000011000010000011100001000
000000111000000111111011000000
000000111000000011110111000000
000000011000000000100100000000
000000000000000000011000000000
011000000000000000110000000000
110100000000000000111000000000
011100000000000100010000000000
011000000000000110110000000000
010011000000000110110000000000
