000000000000000000000000100000
000000000000000000000000000000
000000000000000000000000000000
000000000000000000000000000000
000000000000000000000000000000
000000010000000000000000000000
000000000000000000000000000000
000000011100000000000000000000
000000011100011111111111001110
001110000000001111111111001110
000111000000000000000011000000
001110000000000000000000000000
010100000000000000000000000100
001110000000000000000000001100
000000000000011111111100011100
000000000000001111011100111100
000000000000000111100000101000
000000000001100001100001000000
000000000001100001100011000000
000000000001100001100010100000
000000000001100000111111000000
000000000001100000011100000000
000000000001100000100000000000
000000000001100001100000000000
000000000000110011000000000000
000000000000010110000000000000
000000000000000110000000000000
000000000000000100000000000000
000000000000000000000000000000
000000000000000100000000000110
