111110000110100000110001000100
111110000000000000110000000000
111111100000000100110000000000
100001110000001110000000000000
011001100000001100000000000000
110100000000001111100000000000
111000000000001111111110000000
101111000110011111111111000000
111011100000111111111111111000
111111100000111111111111011100
110111111000111111111111111101
111111110110011101111111011011
101100111111111111111010100011
110001111111111011111111111111
111110110011111111111110111001
111110011101111111111111111000
111000001111111111111111110000
010000011011111101111111100000
100010111001111000011111111000
110111110001111100111111111001
110110000001111111111111100000
110000000000111111111111100000
010000000000111111111111000000
111000000001111111111110001100
011000000000101111111111101110
111000000001100111010111111011
000000000000000000001110000001
100000000000000000001110000011
011000000000000001000000000110
111000000000000011110100001011
