000000000000100000000000000000
000000000000000000000000000000
000000000000000000000000000000
000000000000000000000000000000
000000000000000000000000000000
000000000000000000011000000000
000000000000000000011000000000
000000000000000000001000000000
000000110000000000000000000000
001000111000000000000000000000
000000111100000000000000000000
000000111000000000000000000000
000000000000000000000000000000
000000000000000000000000000000
000000000000000000000000000000
000000000000000000000000000000
000000000000000000000000000000
000000000000000000000000000011
000000000000000000011000000011
000000000000000000000000000010
000000000000000000000000001111
000000000000000000000000000100
000000001100000000000000000000
000000001111100000000000000000
000000000111010000000010000000
000000000010110000000111100010
000000000000110110000100110011
000000000000011100100010011110
000000000000111000110011100110
000000000010111000111111111100
