000000000000001010000000000110
000000000000000000000000000100
000000000000000000011001000011
000000000000000011100111001111
000000000001100011110111011111
000011101111111111111010001001
000011111110001101101110000001
000000000110011110001110000000
000000000000111111001100000000
000000000000111011001100000000
000000000001111000111000000000
000000000001110000110000001000
000000000001100001110110000000
000000000001100001110110010000
000000000001100000101100001100
000000000001100000000000011000
000000000000111100000000110000
000000000000111000000000110000
000000000000000000000000000000
000000000000000000000000000011
000000000000000000000000000001
000000110000000000000000000000
100111111110000000000000000000
100011111110000000000000000000
100000000111100110000000000000
100000000001100111000000000000
100000000001000001000000000000
100000000000000000000000000000
001100000000000001000000000000
001000000000100001100000000000
