000000000000000000000000000000
000000000000000000000000000000
000000000000000000000000000000
000000000000000000000000000000
000000000000000000000000000000
000000000000000000000000000000
000000000000000000000000000000
000000000000000000000000000000
100000000000000000000000000000
111000001010000000000000000000
111000111110000000000000000000
000111111110000100000000000000
001111111100000000000001000000
000110000000000001000010000001
000000000000000000000100000001
000000000000000000000000000000
000000000000000000000000000000
000000000000000000000000000000
000000000000000000000000000000
000000000000000000000000000000
000000000000000000000000000000
000000000000000000000000000000
000000000000000000000000000000
000000000000000000000000000000
000000000000000000000000000000
000000000000000000000001000000
000000000000000000000011000000
000000000000000000000000000000
000000000000000000000000000000
000000000000000000100010000000
