000000000000000000000000000000
000000000000000000000000000000
000000000000001100000000000000
000000000000001100000000000000
000000000000000000000010000000
000000001000000000000001001000
000000000000000000000011110000
000000000000000000001111111000
000000000000000000111000000000
000000000000000001110000000000
000000000000000001100000000000
000000000000000000000000000000
000000000000000010001110000000
000000000000000111110111000000
000000000000000111100011000000
000000000000000110000000000000
000000000000000110000000000000
000000000000000000000000000000
000000000000000000000000000000
000000000000000000000110000000
000000000000000011001110000000
000000000000000011111100000000
000000000000000011111000000000
000000000000000000000000000000
000000000000000000000000000000
000000000000000000000000000000
000000000000000000000000000000
000000000000000000000000000000
000000000000000000000000000000
000000000000000000000000000000
