000000000000000000000000000000
000000000000000000000000000000
000000000000000000000000000000
000000000000000000000000000000
000000000000000000000000000000
100000000000000000000000000000
000000000000000000000000000000
100000000000000000000000000000
000000000000000011111100000000
000000000000000111111110000000
000000000000001111111100000000
000000000000011111101100000000
000000000000111111000000000000
000000000000111110000000000000
000000000000111111111110000000
000001000001111111111111000000
000011000011111111111111100000
000011000001111110001111100000
000000000000111110000111110000
000000000000111110001111110000
000000000000111110001111110000
000000000000111100000111110000
000000000000110100000001010000
000000000000111110001111100000
000000000000111111111111100000
000000000000011111111111100000
000000000000001011111111000000
000000000000000100000000000000
000000000000000000000000000000
000000000000000000000000000000
