000000000000000000000000000000
000000000000000000000000000000
000000000000000000000000000000
000000000000000000000010000000
000000000000000000000000000000
000000000000000000000000000000
000000000000000000000000000000
000000000000000000000000000000
000000000000011110000000000000
000000000001111111000000000000
000000000001110011000000000000
000000000000000011000000000000
000000000000000011111000000000
000000000000000011111000000000
000000000000011111000000001100
000000000000011011000000000000
000000000000000110000000000000
000000000000000110000000000000
000000000000000110000000000000
000000000000000110000000000000
000000000000000000000000000000
000000000000000000000000000000
000000000000000000000000000000
000000000000000000000000000000
000000000000000000000000000000
000000000000000000100000000000
000000000100000000000000000000
000000000000000000000000000000
000000000000000000000000000100
000010000000000000000001001011
