000011110000011100000000000000
000000110000000000000000000000
000000000000000000000000000000
000000000000000000000000000000
000000000000000000000000000000
000000000000011111111110000000
000000000000011111111111000000
000000000000011000000111000000
000000000000011000000110000000
000000000000000000000110000000
000000000000000000000100000000
000000000000010000001100000000
000000000000000000011100000000
000000000000000000011000000000
000000000000000000011000000000
000000000000000000111000000000
000000000000000000111000000000
000000000000000001111000000000
000000000000000001110000000000
000000000000000001110000000000
000000000000000001110000000000
000000000000000001110000000000
000000000000000001110000000000
000000000000000000100000000000
000000000000000000000000000000
000000000000000000000000000000
000000000010000000000000000000
000000000011000000000000000000
000000000000000000000000000000
000000000001000000000000000000
