000000000000000000000000000000
000000000000000000000000000000
000000000000000000000000000000
000000000000000000000000000000
000000000000000000000000000000
000000000000011000000011000000
000000000000111111111111000000
000000000000111111111111000000
000000000000111000001110000000
000000000000110000001110000000
000000000000000000011110000000
000000000000000000011100000000
000000000000000000011100000000
000000000000000000111100000000
000000000000000000111100000000
000000000000000000111000000000
000000000000000001111000000000
000000000000000001111000000000
000000000000000001110000000000
000000000000000011110000000000
000000000000000111110000000000
000000000100000011111111111100
000000000000000000000111111100
000000000000000000000000000000
000000000001110000000000000000
000000000001000000000000000000
000000000000000000000000000000
000000000000000000000000001100
000000000000000000000000011100
000000000000000000000000010110
