000000000000000000000000110000
000000000000000000000000000000
000000000000000000000000000000
000000000000000000000000000000
000000000000000000000000000000
000000000000000000000000000000
000000000000111111111000000000
000000000001111111111000000000
000000000000111111110000000000
000000000000000001110000000000
000000000000000011110000000000
000000000000000011100000000000
000000000000000111110000000000
000000000000000111100000000000
000000000000000111000000001100
000000000000001111000000001100
000000000000001110000000001000
000000000000001110011010000000
000000000000001110000110000000
000000000000011110000100000000
000000000000011100000111101111
000000000000000000001111111111
000000000000011100000000000000
000000000000011100000000000000
000000000000001000000000000000
000000000000000000000000000000
000000000000000000000000000000
000000000000000000000000000000
000000000000000000000000000000
000000000000000000100000000000
