011000001010110010010100000000
001000011111111011111000000000
000000011111101110011000000000
000001001110111110001100000000
011000001011000110001100000000
011010001111111111001000000000
111111111110111111111111000000
111111111011111101101111000000
111111010011101011100011000000
111111001001111111100110000000
111100000001111110111100000000
111110000000111110110100000000
111111000001111101011100000000
111011001111111010111100000000
111000110111111011110000000011
111000111111101011010000001111
110000000001111101111001111111
111111001110111111110001111101
111111111111101111101111111111
111011001011111111111111011111
111111111110110010111111110010
111011111111111110111011100001
101111111010011111110111111011
111110111011001111010101111110
011111111110110011101100111110
111000101011111111111011111011
001011111111101111111111111111
111111111110100011111111111011
111110110111010011110111101111
001010110111101111101100111101
