000000000000000010000000000101
000000000000000000000000000000
100000000000000000000000000000
000000000000000000000000000100
000000000000000010000000001111
000000000000000011000000001110
000000000000100010000000001111
000000000001111111000000000100
000000000001111111000000000000
000000000000000010000000000000
000000000000000000000000000000
000000000000000110000000001110
000000000000000110000000001110
001100000000000100000000000110
001111000000000110000000000000
000111000000111110000000000000
000000000000011110000000000000
000000000000110000000000000000
000000000000011110000000000000
000000000000011110000000000000
000000000000110101000000000000
000000000000100110000000000000
000000000001100100000000000000
000000000001100100000000000000
000000000011000100000000111111
000000000011000100000000011011
000000000011000000000000011100
000000000110000011000000000000
000000000111000011000000000000
000000000101101011010001000001
