001000000000000000000000000000
010000000000000000000000000000
111000000000000000000000000000
010000000000000000000000000000
001000000000000000000000000000
011000000000000000000000000000
111000000000000000000000000000
110000000000000000000000000000
000001100000000000000000000000
000001110000000100000001100000
001011100011000100000111110000
011110000011111111111110110000
000000000000111111111111100000
000000000000000101000111000000
000000000000000011000110000000
000000000000000111111110100000
000000000000001111111111110000
000000000000000011111110100000
000000000111110001111100000000
011001101110111011111100000000
011001100000000011111000000000
000000000000000011110000000000
000000000000000111110000000000
000000000000001110000000000000
000000000000011100000000000000
000010001111111100000000001000
000110001111111111000000000001
000010000111100001100000000000
100000000000000000100000000000
110000110000000000010110001000
