000000000001111111100000000000
000000000001111111110000000000
000000000001111111110000000000
000000000001101011100000000000
000000000001110011000000000000
000000000000000111000000000000
000000000000000011000000001110
000000000000000110010011000000
000000000000000110111111000000
000000000000111111100000000000
000000000011111101000000000000
000010011111011110000000000000
000101111110001111100000000000
111010000000000101000000000000
110000000000011000000000000000
000000000000111000000000000000
000000000000111000000000000000
000000000000111111100000000000
000000000000111101100000000000
000000000000111000000000000000
000000000000010000000000000000
110000000000000000000000000000
111110000000000000000000000000
001111100000000000000000000000
000001100000000000000000000000
000000011101100000000000000000
000001111011110000000000000000
000001110001110000000000000000
000000000000000000000000000000
000010000100000000000000000000
