000000000000000000000000000000
000000000000000000000000000000
000000000000000000110000000000
000000000000000000000000000001
000000000000000000000000000010
000000000000000000000000000011
000000000000000000001111110000
000000000000000000011111110000
000000000000011111111100000000
000100100000111111001000000000
111110111110000000110000000000
110001110100000000010000000000
011011111000000000000000000100
101001110000000000000100000000
000111100000000000000000000000
000000010000000000000000000000
000000001000000000000001100000
000000000000011111000011100000
000000000000111111111111000000
000100000001011111111111000000
000000000000001000001100000000
000000000000110000001100000000
000010000000000000111100000000
000011000000000000111000000000
000011000001000001100001000000
000000000000000011000011000000
000000000000000010000110000000
000000000000010101000110000000
000000000001101111001110000000
000000000001111111000110000000
