000000000000000000000000000000
000000000000000000000000000000
000000000000000000000000000000
000000000000000000000000000000
000000000000000000000000000000
000000000000000000000000000000
000000000001111111100000000000
000000000011111111110000000000
000000000001111111110000000000
000000000000000111110000000000
000000000000000111110000000000
000000000000000111110000000000
000000000000001111110000000000
000000000000001111100000000000
000000000000001111100000000000
000000000000001111100000000000
000000000000011111100000000000
000000000000011111100000000000
000000000000011111000000000000
000000000000011111000000000000
000000000000011111000000000000
000000000000000111000000000001
000001000000000111000000000000
000011100000001111000000000000
000001000000111110000000000000
000000000000111110000000000000
000000000000011110000000000000
000000000000001100000000000000
000000000000000000000000000000
000000000000000000000000000000
