000000000000000000000001001000
000000000000000000000000000000
000000000000000000000000000110
000000000000000000000000001100
000000000000000000001100100100
000000000000011111111111111100
000000000000011111111111100100
000000000000001111111111110000
000000000000000110111111100000
000000000000000111111111000000
000000000000011101011110000000
000000100100001101111110011000
011011011100000101111101110000
011110001000000011111111100000
111000000000000111010000000000
011000000001001111000000000000
101000000011101111100000000000
011000000011000111100000000000
011000000000001111100000000000
000000000000001111000000000000
000000000000001111000000000000
000000000000011110000000000000
000000000000011110000000000001
000000000000011110000000000000
000000000000010000000000000000
000000000000000001111111001000
000000000000000001011110010000
000000000000000000000000000000
000000000000000000000000000000
000000000000000100000011000000
