000000000000000010000000001100
000000000000000000000000000000
000000000000000000000000000000
000000000000000000000000000000
000000000000000000000000000000
000000000000000000000000000000
000000000000000000000000000000
000000000000000000000000000000
000000000001111111000000000000
000000000001111111100000000000
000000000001111011000000000001
000000000000000011000000000001
000000000000000011100000000000
000000000000000111000000000000
000000000000000011000000000000
000000000000000111000000000000
000000000000000111000000000000
000000000000000110000000000000
000000000000000010000000000000
000000000000000110000000000000
000000000000000110000000000000
000000000000000000000000000000
000000000000000000000000000000
000000000000000000000000000000
000000000000000000000000000000
000000000000000000000000000000
000000000000000000000000000000
000000000000000000000000000000
000000000000000000000000000000
000000000000000000000000001000
