000100000000000000000000010000
000000000000000000000000000000
000000000000000000000000000000
000000000000000000000000000000
000000000000000000000000000110
000000000000000000001100000100
000000000000111111111100000110
000000000001111111111100000000
000000000001111111111100000000
000000000001110000111100000000
000000000001110000111100000000
000000000000100000111000000000
000000000000000001111000000000
000000000000000001110000100000
000000000000000011110001100000
000000000000000011110000000000
000000000000000011100000000000
000000000000000111100000000000
000000001000001111111100000000
000000011000000111001100000000
000000000000001111000000000000
000000000000001110000000000000
001000000000011110000000000000
001000000000011100000000000000
000000000000001100000000000000
000000000000000000000000000000
000000000000000000000000000000
000000000000000000000000000000
000000000000000000000000000000
010000110001010001000110010000
