000001000000000000011111100000
000000000000000000011000000000
000110111000000000000000000000
111111111000000000000000000000
111010000000000000000000000000
111110000000000000000000000000
000100000011100000000000000000
000000000001000000000000000000
000000000000000000000000000000
000000000000000000000000000000
000000000000000000000000000000
000000000000000000000000000000
000000000000000000000000000000
000000000000000000000000000000
000000000000000000000000000000
000000000000000000000000000000
000000000000000000001000000000
000000000000000000011100000000
000000000000000000001000000000
000000000000000000000000000000
000000000000000000000000000000
000000000000000000000000000000
000000000000000000000000000000
000000000000000000000000000000
001100000000000000000000000000
001100000110000011000000000000
000000000110000110000000000000
000000000000001111101000000000
000000000000001001110000000000
000000000000001111000000000000
