000000000001000000000000000000
000000000000000000000000000000
000000000000000000000000000000
000000000000000000000000000000
000000000000000000000000000000
000000000000000000000000000000
000000000000001110100000000000
000000000001111111000000000000
000000000011111111000000000000
000000000000000011000000000000
000000000000000011100000000000
000000000000000111000000000000
000000000000001110000000000000
000000000000000100000000000000
000000000000000000000000000000
000111000000000000000000000000
000111000000000000000000000000
000000000000011000000000000000
000000000000011000000000000000
000000000000010000000111111100
000000000000110000000111111100
000000000000100000000000000000
000000000000000000000000000000
000000000000000000000000000000
000000000000000000000000000000
000000000011000000000000000000
000000000011000000000000000000
000000000010000000000000000000
000000000110000000000000000000
000010000110000000000000000000
