000000000000011000000011000000
000000000000000000000000000000
000000000000000000011000000000
000000000010000000011100110000
000000000110000000001100110000
000000000110000011011100100000
000000000000000011111101111000
000000000000000110000000111000
000000000000000010000000110000
000000000010000000000101100000
000000000011000011001111100000
000000000011000011001011000000
000000000000000000001110000000
100000000000000000001110000000
000000000000000000001100000000
100000000000000000001100000000
111000000000000000011100000001
011100000000000000011000000000
000000110000000000111000000001
000000100000000000111000000011
000011100000001001100000000011
000101100000011001100000000011
000001001000111000000000000001
000001111000011000000000000000
000000110000000000000000000000
000000110000000000000000000000
000000000000000000010000000000
000000000000000000010000000000
000000000000000000000000000000
001000000000000000000000000000
