000000000000000100000000000000
000000000000000000000000000000
000000000000000000100000000000
000000000000000001000000000000
000000000000000011100000000000
000000000001111111111000000000
000000000001111111111000000000
000000000000000101111000000000
000000000000000011110000000000
000000000000000011110000000000
000000000000000011111100011000
000000000000000011111100000000
000000000011101111101000000000
000000000011000111000000000000
000000000000000111000000010111
000000000000001110000000011111
000000000000001110000111111000
110011001000001110000011000000
110011111100111111000100000000
000000001101001101111000000000
000000000101111111100000000000
000000001101111101100000000000
000000001110011011100000000000
000000001100011100000000000000
000000000100111100000000000000
000000001111111000000000000000
000000000010001000111000000000
000000000110000000000000000000
000000000011000000000000000000
000000000001100000000000000000
