000000000000001110000000011110
000000000000001110000000000100
000000000000001101000010000011
000000000000001011111101000011
000000000001100111111001100011
000000000011111111111001100011
000000000011111111111001110011
000000000001110001111000000001
000000000000000001111100000000
000000000000000001111000000000
011100000000000111110000000000
001110010011011111101000000000
011110011011111111110000000000
011100101111111111100000000000
000000111111010111110000000000
000001111000001111100000000000
110011000000001111111000000001
111111000000001110111000000011
111110000000011111010000000011
111010000000011100101000000011
010100000000011111010000000101
001100000000111111110000010111
011100000001111100100001111111
000010000001111101100011111011
000000000001111011011011101110
000000011000000011011101111110
000000010000000001111001111111
000000011101011111111111111100
000000011111111111111101110111
000000111011110010011100111111
