001110000000000000000000001000
000000000000000000000000000000
000000001000000000000000000000
000000000000000000000000000000
000000000000000000000000000000
000000000000000000000000000000
000000000000010110000000000000
000000000000001110000000000000
000000000000000000000000000011
000000000000000000000000000111
000000000000000000000001110000
000000000000010000000111011000
000000000000111001100111111001
000000000000110001100000000001
000000000001100000000000000000
000000000001100000000000000000
000000000011000000000000000000
000000000000000000000000000000
000000000000000000000000000000
000000000000000000000000000000
001100000000000000000000000000
011100000000100000000000000000
000000000000000000000000000000
000000000000000000000000000000
000000000000000000000000000000
000000000000000000000000000000
000000000000000000000000000000
000000000000000000000000000000
000000000000000000000000000000
000000000000000000000000000000
