000001001010000000000000000000
000000000100000000000000000001
000000011110000000000000000011
000000111100000000000000000011
000000110000000000000000000011
000001110000000000000000000001
000001110000000001100000000001
000001100000000001100000000011
000001100011111111100000000011
000001100111111111000000000010
000001110111111111000000000011
000001110011011111100000000011
000000110001010111111100000000
000000000001111111111000000000
000000000011101111110000000000
111111000111111111010000000011
011111000110011111111000000111
110111000100000110110000000011
100010000000000111110000000000
001100000100000110100000000000
001100000111011111100000000000
001111001111001110000000000000
000110110000001100000000000001
000000010000001000000000000000
000000000000011000000000000000
000000000000111000000000000000
000000000000011111000000000001
000000111100111111001011111111
000000111100100000000111111111
000011111110110000000001101110
