000101100011111111111110110011
000001010011111111101111011111
000011101111111111111111001111
000111111011111111111101111011
000101110111110111111000101111
001110101101111111011001111111
001100110111111111111000111110
000000000011011111111000110000
000000000001111111011101110011
000000000011111111111111101111
000000000011001110101111101111
000000000011011110010010111111
000000000011111111101111111111
000000000011111101000110101110
100000000011111101111111111111
100000000011111111110001111111
000000000001111111011001111110
000000000011111111111111111011
000000000011111111010111101110
000000000011100011011111111010
000000000011111101011111001111
000000000011111111011111111110
000000000000110111001101111000
000000000000001100001111111000
000000000000001100000110100000
000000000000010100000101100000
000000000000111011000111100000
000110000000111011111101100000
000110000000011110111111000000
001001011000001111111110110000
