000000000000000011010011000000
000000000000000001000000000000
000000000000000000000000000000
000000000000000000000000000000
000001000000000000000000000000
000001100000000011000000000010
000001100000111111101000000001
000000100001111111111100000000
000001000001111111111100000000
011000100001111000111100000000
000001100001110000111100000000
000000110000110001111000000000
000100110000100001111000000000
011111110001110001110000000000
111110010000011011110000000000
100111110010011011110000000000
000010100110001111110000000000
000000000000001110110000000000
000000000000001111111110110000
000000000000001101001111110000
000000000000000011110101110000
000000001000000111111000000000
000000011000001101010000000000
000000000000011110000000000000
000000000000011100000000011000
000000000000000000000000011000
000000000000000000000000011000
000000000000000000000000000000
000000000000000000000000000000
000000000000000000010001100000
