000000000000000000000000010111
000000000000000000000000000000
000000000000000000000000000000
100000000000000000000000000011
111100000000000000000000000011
001110000000000000000000000000
000000001100000000000000000000
000000001111100100000000000000
000000001111111010000000000000
000000000000000000000000000000
000000000000000000000000000000
000000000000000000001100000000
000000000000000000001100000000
000000000010001110000000000000
000000000000001100000000000000
000000000000011000000000000000
000000000000010000000000000000
000000000000000000000000000000
000000000000000000000000000000
000000000000000000000000000000
000000000000000000011000000000
000011001100000000011000000000
111111001100000000000000000000
010110000000000000000000000000
101110000000000000000000000000
000000000000001110000000000000
000000000000001100000000000000
000000000000000000000000000000
000000000000000000000000000000
000000000010000000010000000000
