000000001000001000000001000000
000000000000000000000000000000
000000000000000000000000000000
000000000000000000000001000000
000000000000000000111001100000
000000000000000000111111000000
000000011000111111111110000000
000000111111111111111110000000
000000011100111111111110000000
000000000000000101111100000000
000000000000000001111100000000
000000000000110111111000000000
000000000001110111110000000000
000000000001111011110000110000
000000000011111111100000100000
000000000110000111100000000000
000000001110001111000000000000
000000000000011111000000000000
000000000000001111000000000000
000000000000001110000000000000
000000000000011110000000000011
000000000000011110000000000011
000000000000011100000000000000
000000000000011100000000000000
000000000000111110000000000000
000000000000100110000000000000
000000000000000000000000000000
000000000000000000000000000000
000000000000000000000000000000
010000000000000000000000000000
