000000000000000000000000000000
000000000000000000000000000000
000000000000000000000000000000
000000000000000000000000000000
000000000000000000000000000000
000000000000011011111100000000
000000000001111111010110000000
000000000001111111111110000000
000000000110000000111110000000
000000000110000000111101000000
000000000000000001111111000000
000000000000000001111011000000
000000000000000011111000000001
000000000000000011110000000000
000000000000000011100000000000
000000000000000011000000000000
000000000000000000000000000000
000000000000000111100000000000
000000000000001111100000000000
000000000000001111000000000000
000000000000011111000000000000
000000000110111110000000000000
000000000111111110000000000000
000000000000000000000000000000
000000000000000000010000000000
000000000000000000000000001000
000000000000000000000000000000
000000000000000000000000000000
000000000000000000000000000000
000000000000000001000000000000
