000000000000000000000000000000
000000000000000000000000000000
000000000000000000000000000000
000000000000000000000000000000
000000000000000000000000000000
000000000000000000000000000000
000000000000000000000000000000
000000000000000000000000000001
000000000000000000000000000010
000000000000000000000000000000
000000000000000000000000000000
000000000000000000000000000000
000000000000000000000000000000
000000000000011110000000000000
000000000000011110000011000000
000000000000000000001110000000
000000000000000000000100000000
000000000000000000010000000000
000000000000000000111000000000
000000000000000000110000000000
000000000000000001010000000000
000000000000000011100000000000
000000000000000011101000000000
000000000000000001011100000000
000000000000000000000000000000
000000000000000000000000000000
000000000000000000000000000000
000000000000000000000000000000
000000000000000000000000001000
000000000000000100000000000110
