000000000000000100000010000000
000000000000000000000001000000
000000000000000000000001000000
000000000000000000000010000000
000000000000000000000110000000
000000000000000000001000000000
000000000000000000011000000000
100000000000000000100000000000
000000000000000111000000000000
000000000000001110000000000000
000000000000011110000000000000
000000000000011111100000000000
000000100000110011100000000000
001000100000100001100000000000
111000000000000001100000000000
000000000000000001100000000000
100000000000000011000000000000
100000000000000110000000000000
000000000000000000000000000000
000000000000000000000000000000
000000000000000000000000000000
000000000000000000000000000000
000000000000000000000000000000
000000000000000000000000000000
000000000000000000000000000000
000000000000000000000000000000
000000000000000000000000000000
000000000000000000010000000000
100000000000000000010000000000
100000000000011000001000000000
