000000000000000000000010000000
000000000000000000000000000000
000000000000000000000000000000
000000000000000000000000000000
000000000000000000000000000000
000000000000001111111110000000
000000000000001111111111000000
000000000000001111100111000001
000000000000001110000011100001
000000000000001100000011100001
000000000000001111000011100000
000000000000001111000111100000
000000000000001111001111000000
000000000000000111111110000000
000000000000001111111111000000
000000000000011110001111000000
000000000000111000000111000000
000000000000111000000111000000
000000000000111000000111000000
000000000000111000000111000000
000000000000111000001110000000
000000000000111100011110000000
000000000000011111111100000000
000000000000001111111000000000
000000000000000000001100000000
000000000000000000001100000000
000000000000000000000000000000
000000000000000000000000000000
000000000000000000000000000000
000000000000000000000000000000
