111111111001011001010101110101
001100110000000001101100111111
100000000000000011111110011110
010100000000101001010111111101
011100111001010111111111111101
111101011111111111011111111111
111111111111111101111010010111
111111111011011111111010110111
110000000000111111111111111111
100000001001111111111111111111
100000011101111111110101111111
110000001111111111001001111111
111000000101111111111111111110
110101001111111111101111111111
001011101000011111101111111110
000110111100001111111111111000
000000111000000111111111100001
000000010000000011111111001100
000000000000000111111111011101
000000000000010111111111011000
000000000000011111110111110000
000000000100001111111111111100
000000001100111111011111111100
000000001111111111100011110111
000000001101111111111111110000
000000000001111111111111100000
000000000000011111111111000000
000000000000011110100001000000
000000000000000011100010000000
000000000000000011110010000000
