000000000000000001110000000000
000000000000000000000000000000
000000000000000000000000000000
000000000000000001100000000000
000000000000000011110000000000
000000000000000011111110000000
000000000000000111111111000000
000000000000001111101111000000
000000000000001110001111100000
000000000000011110011111101111
000000000000011100010111111110
000000000000011110001111111000
000000000000001111011111100000
000000000000001111111110000000
000000000000011111111110000000
000000000000111110011111000000
000000000000111100000111000000
000000000000111000000111000000
000000000000111000000111000000
000000000000111000001111000000
000000000000111000011111000000
000000000000111110111111000100
000000000000011111111111001110
000000000000001111111000101100
000000000000000000110001110000
000000000000000000000011100000
000000000000000000100010000000
100000000000000001100000000000
000000000000000001100000000000
000000010000000001010000000000
