000000000000000000000000000000
000000000000000000000000010000
000000000000000000000000010000
000000000000000000000000000000
000000000000000000000000000000
000000000000000000000000110000
000000000000000000000000110000
000000000000000000000000000000
000000000000000000000000000000
000000000000000000000000000000
000000000000000000000000000000
000000000000000000000000000000
000000000000000000000000000000
000000000000000000000000000000
000011000000000000000000000000
000011000000000000000000000000
000000000000000000000000000000
000000000000000000000000000000
000000000000000000000000000000
000011100000001000000000000000
000011000000011100000000000000
000000000000000011110011100000
000000000000000001000011100000
000000000000000000000000000000
000000000000000000000000000000
000000000000000000000000000000
000000000000000000000000000000
000000000000000000000000000000
000000000000000000000000000000
000000000000000000000000000000
