000000000000000000000000000000
000000000000000000000000000000
000000000000000000000000000000
000000000000000000000000000000
000000000000000000000000000000
000000000000011100000000000000
000000000000111011110000000000
000000000000011111110000000100
000000000001110001110000000000
000000000001111001110000000000
000000000001111000111000000000
000000000001111000111000000000
000000000001110001110000000000
000000000000111111110000001000
000000000000011111111000000000
000000000001111111111000000000
000011000011110001111000000000
100111000001100000111000000000
100110000001100000111000000000
000000000001100000011000000000
000000000001100000111000000000
000000000001110000111100000000
000000000001111001111100000000
000000000000111111110000000000
000000000000011111100000000000
000000000000000000000000000000
000000000000000000000000000000
000000000000000001100000000000
000000000000000000000000000000
000000001000000000000000101000
