000000000000000000000000000000
000000000000000000000000000000
000000000000000000000000000000
000000000000000000000000000000
000000000000000000000000000000
000000000000000000000000000000
000000000000000000000000000000
000000000000000000000000000000
000000000000000111111000000000
000000000000001111011100000000
000000000000011100000110000000
000000000000011000000111000000
000000000000011000000111100000
100000000000011000001111000000
100111000000111110011110000000
100111000000111111111100000000
100000000000001111111100001100
000000000000000111111110011111
000000000000001111111000001110
000000000000011100111100000000
100000000000110000001110000000
100110000000110000000111000000
100000000000110000000111000000
100000000000110000000010000000
100000000000011000001100000000
100000000000001111111000000000
000000000000000111100000000000
000000000000000000000000000000
000000000000000000000000000000
000000000000000000000000000000
