000000000000000000000000000000
000000000000000000000000000000
000000000000000000000000000000
000000000000000000000000000000
000000000000000000000000000000
000000000000000000000000000000
000000000000000011000000000000
000000000000001111111000000000
000000000000011110011100000000
000000000000011000001100000000
000000000000011000001100000000
000000000000011000001100000000
000000000000011111001110000000
000000000000001111111100000000
100000011000011111111000000000
100000011000011111110000000000
000000000000111111111000000000
000000000000110000111101110111
000000000000110000011000111111
000000000000110000011101101000
000000000000110000111001100000
000000000000110111111000000000
000000000000111111111000000000
000000000001111111110000000000
000000000110001111000000000000
000000000000000000000000000000
000000000000000000000000000000
000000000000000000000000000000
000000000000000000000000000000
000000000010000000000000000100
