000000000010000000000000000000
000000000000000000000000000000
000000000000000000000000000000
000000000000000000000000000000
000000000000000000000000000000
000000000000001000000000000000
000000000000101100000000000000
000000000001111110000000000000
000000000001001110000000000000
000000000001111100000000000000
000000000011111110000000000000
000000000001101100000000000000
111100000001111100000000000000
011000000001111100000000110000
000000000000111111000111111000
000000000000110111000110111000
000000000000100011000000010000
000000000001100110000000000000
000000000001111110000000000000
000000000001111100000000000000
000000000000110000000000000000
000000000000000000000000000000
000000000000000000000000000000
000000000000000000000000000000
000000000000000000000000000000
000000000000000000000011000000
000000000000000000000000000000
000000000000000000000000000000
000000000000000000000000000000
000000000000000000000000000000
