000000000000000000000000000000
000000000000000000000000000000
000000000000000000000000000000
000000000000000000000000000000
000000000000000000000000000000
000000000000000000000000000000
000000000000000000111111000000
000000000000000001110111000000
000000000000000001100000100000
000000000000000000000001100000
000000000000000010000001100000
000000000000000011100001100000
000000000000000011101111000010
000000000000000011111110000010
000000000001000111101110000100
000000000011100110000011000000
000000000000000000000011000000
000000000000000000000011000000
000000000000001000000111000000
000000000000001100001110000000
000000000000001110011100000000
000000000100000111011000000000
100001000000000000000000000000
010001000000000000000000000000
110000000000000000000000000000
110000000100000000000000000000
000000000100000000000000000000
000000000000000000000000000000
000000000000000000000000000000
000000010000000000000000000000
