000000000000000000000000000000
000000000000000000000000000000
000000000000000000000000000001
000000000000000000000000000000
000000000000000000000000000000
000000000000000111111100000000
000000000000011111111110000000
000000000000111111111111000000
000000000000111100001111000000
000000000001111100000111000000
000000000001111010000111000000
000000000000111110011111000000
000000000000011101111110000000
000000000000011011111100000000
000000000000011111111111000000
000000000000111110011111100000
000000000000111100001111100000
000000000001110000000111100000
000000000001110000000111100000
000000000000111100001111100000
000000000011111111111111000000
000000000111111111111110000000
000000000010001111111100000000
000000000000000000000000000000
000000000000000000000000000000
000000000000000000000000000000
000000000000000000000000000000
000000000000000000000000000000
000000000000000000000000000000
000000000000000000000000000000
