000000000000000100000000000000
000000000000000000000000000000
000000000000000000000000000000
000000000000000000000000000000
000000000000000000000000000000
000000000000000000000000000000
000000000000001100000000000000
000000000000111100000011100000
000000000000110000000011010000
000000000000000000000011000000
000000000000000000000000000000
000000000000000000000000000000
000000000000000000000000000000
000000000000000000000011111000
000000000000000000000011111000
000000000000000000000001100000
000000000000000000000000000000
000000000000000000000000000000
000000000000000100000000000000
000000000000000110000000000000
000000000000001110000000000000
000110000000000111000000000000
000111000000000111000000000000
000000000000000000000000000000
000000000000000000000000000000
000000000000000000000000000000
000000000000000000000000000000
000000000000000000000000000000
000000000000000000000000000000
010000000000000000000000000000
