000001110101000000011011010011
000010111010000000101110001111
000011110001011001110010011000
000001111111111001110000011000
000011000111011111100010001110
000111101111111001111110000110
001111111111001111111100000010
111111010110111111111110000000
111101111011111111111110000000
100101100011111110111111000011
000011100111111100011111000001
000011100011111100111111000001
000100111110111111001111000011
000111110100111111111110000000
000000100011111111111111110001
000000000001111111111101100000
000000000000111111111111100000
000000000001111111111111100000
000000000001111010111111100110
000000000001111000111111100110
000000000001111001111111100000
000000000001111111111111000110
000000000000111111111111001111
000000000000011111111110011001
011000000000111111111100001000
111100000011110001111000000000
111100000011011001110000000000
011100000011111011110000000000
000000000000111111000000000000
100100000000100101010000000000
