100000111000111000000000000000
000000010000000000000000000000
000000000000000000000000000000
000000000000000000000000000000
000000000000000000000000000000
000000000000000000000000000000
100000000010000000000000000000
100000000000000000000000000000
000000000000000000000000000000
000011000000011111111000000000
000011111111111111111100000000
000001101101111001111111111111
000000000000111010001111111111
000000000000111111011110110000
000001100001111110001111110000
000001100000111100011111000000
000000000000011111111000000000
000000000000011111111000000000
000000000000111011111110000000
000000000001110000011111000000
000110000001110000001111000000
000110000001100000000111000000
000100000001110000001110000000
000000000001110000001110000000
000000000000111100111100000000
000000000000011100111000000000
000000000000000000001111011000
000001101101110000001111110000
000001111110110000000101000000
000000000010110000010011010000
