000000000000000000000000000000
000000000000000000000000000000
000000000000000000000000000000
000000000000000000000000000000
000000000000000000000000000000
000000000000000000000000000000
000000000000000111111000000000
000000000000001111111100000000
000000000000011111111100000000
000000000000111110011100000000
000000000000011100011100000000
000000000000011101111100000000
000000000000011111111100000000
000000000000011111111000000000
000000000000001111111000000000
000000000000011111111000111000
000000000000111101111000011000
000000000000111100111000000000
000000000001111000111100000000
000000000001110000111000000000
000000000001111000111100001100
000000000001111011111100000110
000000000000111111111110000001
000000000000111111111000000000
000000001110111000000000000000
001110001100011100000000000000
111100000000001100000000000000
000000000000001100000000000000
000000000000001000000000000000
000000000000110111010000000000
