000000000000010000000000000000
000000000000110000000000000000
000000000000000000000000000000
000000000000000000000000000000
000000000000000000000000000000
000000000000010000000000000000
100000000000001100000000000000
111000000000011110000000000000
011000000001111111000000000000
000000000010100110000000000000
000000000001101100000000000000
000000011011101100000000000000
000000000011111100000000000000
000000000001111100000000000000
000000000000111110000010000000
000000000000111111000110000000
000000000000110011100000000000
000000000001100111100000000000
000000000001101110000000000000
000000000001111100000000000000
000000000000110000000000000000
000000000000000000000000000000
000000000000000000000000000000
000000000000000000000000000000
000000000000000000000000000000
000000000000000000000000000000
000000000000000000000000000000
000000000000000000000000000000
000000000000000000000000000000
000000000000000000000000000100
