000010000000000000000000010000
000010000000000000000000000000
000000001000000000000000000000
000000000000000000000000000010
111100000000000000000000000100
011111100010000000000000000000
001111011111110100000111000000
000000011111111111110111100000
000000000011100111001111100000
000000000001110000000110011111
000000000001100000000000110111
000000010000000000000000000000
000001110000000000000000000000
000000100000000000000000100000
000000110000000000000000000000
000000000000000000000000000000
000000000000000000000000000000
000000000000000000000000000000
000000000000000000000000000000
000000000000000000000000000000
000000000000000000000000000000
000000000000100000000000000000
000000000001110000000000000000
000000000000100000000000000000
000000000000000000000000000000
000000000000000000000000000000
000000000000000000000000000000
000000000000000000000000000000
000000000000000000000000000000
000000000000000000000011000000
