000000000000000000000000000000
000000000000000000000000000000
000011000000000000000000000000
000011000000000000000000000000
000011000000000000000000000000
000000000000000000000000000000
000000000000000000000000000000
000000000000000000000000000000
000000000000000011111111000000
000000000000011111111111100000
000000000000111111100010110011
000000000001111100000001111111
000000000001111100000010111100
000000000000111110000111111100
000000000000011111111111111000
000000000000001111111111100000
000000000000011111111111000000
000000000110000001111111000000
000000000110000001111110000000
000000000000000011111111000000
000000000000000111110111100000
000000000000001111100111100000
000000000000011111000011100000
000000000000011110000011100000
000000000000011111101111100000
000000000000001111111110000000
000000000000000011111000000000
000000000000000000000000000000
000000000000000000000000000000
000000000000000000000100000000
