000000000000000000000000000000
000000000000000000000000000000
000000000000000000000000000000
000000000000000000000000000000
000000000000000000000000000000
000000000000000000000000000001
000000000000011111100000011111
000000000000111111110000011100
000000000001111111110000000000
001000001111111111110000000000
011101111001111101111000000000
111000011001110001111000000000
111100000000111001110000000000
011100000001111111100000000000
000000000000011111100000000000
000000000000111111110000000000
000000000001111001111000000000
000000000001110001111000010000
000000000001110000111000010000
000000000001110000111000000000
110000000001110001111100000000
111000000001111111111010010000
000000000001111111111100000000
000000000000111111110000000000
000000000000111111000000000000
000000000000000000000000000000
000000000000000000000000000000
000000000000000000000000000000
000000000000000000000000000000
000000000000000000000000000000
