110000000000000000100000000000
100000000000000000000000000000
110000000000000000011011110000
110000000000000000011101110011
011001100000000000101011000001
101001100000011111111111100011
100000000000011111111110010001
000000000000111111111111010000
000000000000111000111110110011
000000000001111000001110100011
000000000001111000001110000000
000000000000111000011111000000
000000000001111110111110000000
000000000000011111111000000000
000000000000111111111100000000
000000000001111110111111000000
000000000001111000001111000000
101111000001110100001111100000
010111101001111110000111100000
101111010011111011001111100000
111111111001111111101111100000
111101101001111111111111010000
011101110000111111111100111110
001101101000111111111000001110
000000011000000000000000000100
000000001000000000000000000000
000000000000000000000000000000
000000000000000000000000000000
000000000000000000000000000110
100000000000000000000000100110
