101111010100000000111111110000
001011111100000000001111100000
000111111100000000011011000000
001001111000000000010000000000
001100111100000000000010000000
001100111100000000000111000000
000111100100000000000011100000
000111111000000000000011000000
100111100000000000110111110001
011111111000000000111111111011
111110111100000000011111011111
111111111100000000111111111110
111111001000001101110111011111
111111000000011111111000001011
111100010001111111111000011111
111100111011111000111100010111
011111111100110111111001110011
101111001011011110111111110000
111101000011111100101100110000
110001100100011000011111111110
110011101010011000001110111100
111011111000111100111111111000
001011110000011101111110111000
011011011000001101111010110000
001110111101111110110111100000
001111111011111110111101100000
011011111111010110111010100000
001111111000111110111001100000
000110111000011100101100100000
000110111000001010111011100000
