000000000000000000000000000000
000000000000000000000000000000
000000000000000000000000000000
100000000000000000000000000000
100000000000000000000000000000
000000000000001100000000000000
000000011000001111110000000000
000000011111111111111000000000
000000000011111111111100000000
000000000000011111011100000000
000011100000011100111100000000
011111000000011100011110000000
011100000000011100111100000000
000000000000001111111000000001
000000000000001111110000000001
000000000000011111111111100000
000000000000111111111000000000
000000000000111000111000000000
000000000000111000111000000000
000000000000111000111000000000
000000000000111000111000000000
000000000000111001111000000000
000000000000111111110000000000
000000000000111111110000000000
000000000000011111010000000000
000000000000000000100000000000
000000000000000000000000000000
000000000000000000000001100000
000000000000000000000001100000
000001000000000000000001000000
