000000000111000000000011100000
000000000000000000000000000000
000000000000000000000000000000
000000000000000100000000000000
000000000000001000000000000000
000000000000011111111000000000
000000000000111111111100000000
000000000000111110111100000000
000000001101111100011110000110
111000011111111010111110011111
111111111111111111111111111111
001111111111111111111111111111
000000111011111111111111110011
000000111011011111111000101110
000000011001111111111110000100
000011110000111111111110000000
000111110001111000111110000110
101111000001111000011111000110
100111000001111100001111101110
111101100111111111111111001010
111111111111111101101111001110
000101101001111101111110101101
001000000110111111111111111011
000000000111111111111011110011
000000000000000000000000000000
000000000000000000000000000000
000000000000000000000000000000
000000000000000000000001111111
000000000000000000000001111111
000000000000000000000000011110
