000010100010100011000011000000
000000000000010001000000000000
000000001100000000000000000000
000000000100000000000000000000
000000000000000010000000000000
001000000000001111111000000000
011000000000111111111110000000
011100000000111101011111000000
011100000000111000001111000000
011110000000110000101110000000
011110000000111101011110000000
011110000000111111111110000000
011100000000011111111110000000
001100000000001111111110000000
011011000000011111111110000000
000001000000111111011111000000
000000000001111111101111000000
000000000001111001100111000000
000000000111110001000111000000
000000000011111001100111000000
000000000111111001111111000000
000000000111111111111111000000
000000000000011111111110000000
000000000000000000111000000000
000000000000000000111100000000
000000000000000000011000000000
000000000000000000010000000000
000000000000000000111000000000
000000000000000000010000000000
000000000000000001000001000000
