000000000000000000000000000000
000000000000000000000000000000
000000000000000000000000000000
000000000000000000000000000000
000000000000000000000000000000
000000000000010000000000000000
000000000000000000000000000000
000000000000000000000000000000
000000000000000000000000000000
000000000000000000000000000000
000000000000000000000000000000
000000000100000000000000000000
000000000110000111111100000000
000000000000001111111110000000
000000000000011110011110000000
000000000000111100001110000000
000000000000111100001100000000
000000000100011100001100000000
000000000000011111111100000111
000000000000011111111100001110
000000000000001111111000000000
000000000000001111111000000000
000000000000011111111100000000
000000000000111111111110000000
000000000000111100011111000000
000000000000111000000111000000
000000000000111000000111000000
000000000000111000001111000000
000000000000111111111110000000
000000000000011111111100000000
