000000000000011000000001000000
000000000000111100000000000000
000000000100111111000000000000
000000000111111111000000000001
000000000010110100000000000000
100000000100011111111000000000
100000000001111111111100000000
000000000001111100011110000000
000000000000111101111110000000
000000000000110111111110000000
000000011100111011101111000000
000000111001111111111110000000
000000111010011111111000000000
000000010110111111111100000000
000000111100011110111100000000
000000110000111001111100000000
011100100000111011110110111101
111100110011111111011111111111
111000010001111110011110101101
111000110000111011011110011101
111001100000111001100110011011
110100000000111111111110000111
111110000000111111111011000110
110111101001000011000000101111
010011111111000000000000011000
011110110111000000000000111111
100101111111011100000000111111
000011011111111100000000011110
000000000101001000000000010011
000000001110011000000000110011
