000000000000000000000000000000
000000000000000000000000000000
000000000000000000000000000000
000000000000000000000000000000
000000000000000000000000000000
000000000000000000000000000000
000000000000000000000000000000
000000000000000000000000000000
000000000000000000011000000000
000000000000001110011100000000
000000000000011100001110000000
000000000000011000000110000000
000000000000011011100110000000
000000000000011111111100000000
000000000000011111111110011101
000000000000001111111100001111
000000000000000011110000000001
000000000000000111111000000001
000000000000001110111000000011
000000000000011100010000000001
000000000000111000000000000000
000000000000111000000011000110
000000000000011000000111000011
000000000000011000001111010000
000000000000011100011110110000
000000000000011111111001110000
000000000000000011110011000000
000000110000000000000000000000
000000000000000000000000000000
000000000000000000000000000000
