000000000000100110100000000000
000000000001111110000000000000
000000000000010100000000000000
000000000100001000000000000000
000000000110010000001000000000
000000001110110010011100000000
000000001110110111111000000000
000000000110111110111100011000
000000000000011000011110011000
000000000000011000001111011000
000000000000011011001110000000
000000000000011111010111000000
000000000010001111111111000000
000000000111001111111111000000
000000000011011110111110000000
000000000001111100011100000000
000000000011111010000110000000
000000000011011101000110000000
000000000011011111111111000000
000000000010011101111110000000
000000000100111111011110000000
000000001111111111111110000111
000000000100000101000100000111
000000000000000010000000000000
000000000000001100000000000000
000000000010001100000000000000
000000000000011100000000000000
000000000000011100000000000000
000000000010011100000000000000
000000000000101000000000000000
