000000000000000000000000000000
000000000000000000000000000000
000000000000000000000000000000
000000000000000000000000000000
000000000000000000000000000000
000000000000000000110000000000
000000000000000000111000000000
000000000000001100011000000000
000000000000011110011000000000
000000000000011011011000000000
000000000000011011111000000000
000000000000011111110000000000
000000000000001111100000000000
000000000000000111110000000000
000000000000001101111000000000
000000000000011000011000000000
000000000000111000101100000000
000000000000111000111100000000
001100000000111001011000000000
000000000000011110111000000000
000000000000001111110000000000
000000000000000000000000000000
000000000000000000000000000000
000000000000000000000000000000
000000000000000000000000000000
000000000000000011110000000000
000000000000000011101000000000
000000000000000001011000000000
000000000000000000000000000000
000000000000000001000000000000
