000000000000010000000000000000
000110000000000000000000000000
011110000000000000000000000000
100110000000000000000000000000
000100000000000100000000000000
101110000000001111111000000000
000111000000011111111100000000
000010000000111100111100000000
000000000001110000011110000000
000000000001110001111110000000
000000000001111011111110000000
000000000001110101111110000000
000000000001110010011110000000
000000000001111100011110000000
000000000000111100111110000000
000000000000011111111110000000
000000000000001111111110000010
000000000001100011101110000010
000000000011110000011110000000
000000000001100000111110000000
000000000000101111011100100011
000000000000111111111011000101
000000000000011111110110001111
000000110000000011000000011101
000000100000000000000000001110
000001100000000000000000011100
111001100000000000000000001000
110001000000000000000000001000
000011100000000000000000001000
010001110000000000000000011101
