000000000000000000000000000000
000000000000000000000000000000
000000000000000000000000000000
000000000000000000000000000000
000000000000000000000000000000
000000000000000000000000000000
000000000000000000000000000000
000000000000000000000000000000
000000000000000000000000000000
000000000000000000000000000000
010000000000000000000000000000
110000000000000000000000000000
100000000000000000000000000000
000000000000001111110000000000
000000000000011111111000000000
000000000000111110011100000000
000000000001111000001110000000
000000000001110000001110000000
000000000001110000001110000000
000000000001110000000110000000
000000000001110000001110000000
000000000000111101111110000000
000000000000011111111110000000
000000000000001111111110000000
000000000000000000011100000000
000000000000000000111100000000
000000000000000000111000000000
000000000010000001111000000000
000000000000000111110000000000
000000000000001111100000000000
