000000000000000000000000000000
000000000000000000000000000000
000000000000000000000000000000
000000000000000000000000000000
000000000000000000000000000000
000000000000011100000000000000
000000000000011111110000000000
000000000000111111110000000000
000000000001111111111000000000
000000000001111100111100000000
000000000001110000111100110000
000000000001110000011000110000
000000000001110000011000000000
000000000001110000011100000000
000000000001110000111100000000
000000000001111000111000000000
000000000000111111111111000000
000000000000111111111111000000
000000000001111111111100000000
000000000001000000011100000000
000000000000100000111100000000
000000000001110000111000000000
000000000001111111111000000000
000000000000111111110000000000
000000000000001111100000000011
000000000000000000000001000000
000000000000000000000000000000
000000000000000000000000000000
000000000000000000000000000000
000001010011110010011011010011
