010000000000100000000000000000
000000000000000001100000000000
110000000000000001110000000000
011100000000000000000000000000
101100000000000000000000000000
011100000000000000000000000000
000000000000000000000000000000
000000000000000000000000000000
000000000000000000000000000000
111111000000110001001000000000
111011000000111111011100011010
100000000000111111110110110111
110000000000011110111110111011
001000000000111111111111001101
001000000000111111111011101000
111000000000111111111111000000
011111111111111110011110000000
111111111111111111111111010000
000101001111111111111111111111
000111001101111110011111001011
000011111001111000011111000101
000001100111111011011111000111
000011111110111111111110000111
110011111111111111111111000010
101111101100011010011110000011
111111100010000000111110100011
110111100111000011111111110010
000111011101000011111111110011
000110001111001111111111110011
000010101111111111100111110010
