010010100101000000000000000000
010000000000000000000000000000
111100000000000000000000000000
111000000000000000000000000000
000000000000000000000000000000
000000000000000000000000000000
000000000000101110000000000000
000000000001110110000000000000
000000000001100110000000000010
000000000111101110000100000111
000000000111011110110011000000
000000000011101111110011000000
000000000111111111000011000000
000000001111111111000110000000
000000001110011111101100000000
000000000101111101110100000000
000000000011101000110100000000
000001110000000000111100000000
000000110000000000010000000000
100000010000000000000000000000
111100111010000000000000000000
101101110110000000000000000000
000000111111110001000000000000
000000000000110011110010000000
000000000000000011111110000000
000000000000000000110110011100
000000000000000000000000011101
000000000000000000000001000000
000000000000000000000011100000
000000000000000000010001100000
