000000000000000000000000000000
000000000000000000000000000000
000000000000000000000000000000
000000000000000000000000000000
000000000000000000000000000000
000000000000000000000000000000
000000000000000110000000000000
000000000000011111100000000000
000000000000111111110000000000
000000000001110001110000000000
000000000001110001100000000000
000000000001100000110000000000
000000000001100000110000000000
000000000001110001111000000000
000000000001111111111000000000
000000000000111111111000000000
000000000000011111111000000000
000000000000001100111000000000
000000000000000000110000000000
000000000000000000110000000000
000000000000110001110000000000
000000000001111111100000000000
000000000000111111110000000000
000000000000011111100000000000
000000000000001110000000000000
000000000000000000000000000000
000000000000000000000000000000
000000000000011000000000000000
000000000000011000000100000000
000000000000010000000000001111
