000000000000000000000000000000
000000000000000000000000000000
000000000000000000000000000000
000000000000000000000000000000
000000000000000000000001100000
000000000000000000000011110000
000000000000000000000000001000
000000000000000000000000000000
000000000000000000000000000000
000000000000000000000000000000
000000000000000000000000000000
000000000000000000000000000000
000000000000000011000000000000
000000000000001111111000000000
000000000000011111111100000000
000000000000111110011110000000
000000000001111000001111000000
000000000001111000011110000000
000000000011110000011110000000
000000000001110000001111000000
000000000001111000011111000000
000000000000111100111110000000
000000000000011111111110000000
000000000000001111111110000000
000000000000000000011100000000
000000000000000001111110111000
000000000000000001111100000000
000000000000000011111000000000
000000000000000111110000000000
000000000000001111100000000000
