001110111101110000000000000000
001001101111110000000000000000
001111101111100000000000000000
111110111100110000000000000000
101110111011110000000000000000
111100001011110000000000000000
111000101100100000000000000000
011111111101000000000000000000
101011111011000000001100000000
011101011110001011011110100000
111111111110111111101111110001
111111111101110101111110110011
111110011111111111111111111110
101111000000100101111011111111
110111000000000111011110000001
111111111110110010111100000001
001110011111111111111011100011
111111111111101110111111110011
101111111110111100101111011111
001111111111100111111100101110
011101110011111111111011111111
111111111001111111111111011111
110111110111111010110111111111
101110000011111111011101100100
000100000000010100101111110110
000000000000011100011011100011
001000000000001010011111100110
011100000000001101101111111111
011000000000001111101111011011
100000000000001101010010101001
