000000000010010111000000000000
000000000000000010000000000000
000000000000000000000000000000
000000000000000000000000000000
000000000000000001011000000000
000000000000000111111100000000
000000000001101111111111100000
000000000001111111111111000000
000011110000011111001111000000
000011101100011101000011100000
100010000110111011000011100000
100000000101111011000111110000
000001110011111001000111110000
000001101111111101101111100000
000001011001111111111111100000
000000011111101111111111100000
000000000011011111110111000000
000000000010000000011111000000
000000000011010000111110000000
000000001101111000011110000000
000000011110111000111100000001
000000001110111101111100000111
000000000001111111111010001111
000000000000011111110111111110
000000000011101100011111110000
000000000011110000000110110000
000000000011100000000101100000
000000000001100000000011000000
000000000000000000000000000000
000000000001110110000010000000
