000000000000000000000000000000
000000000000000000000000000000
000000000000000000000000000000
000000000000000000000000000000
000000000000000000000000000000
000000000000011111000000000000
000000000000111111100000000000
000000000001111011110000000000
000000000001110001110000000000
000000000001100000111000000000
000000000001100000111000000000
000000000001100001011000000000
000000000001100001111100000000
000000000001100011111000000000
000000000001110011111000000000
000000000001111101111000000000
000000000111111111111000000000
000000001110011111111000000000
000011110000000000011000000000
000110100000000000111000000000
110101000000100000110000000000
100010000001110001110000000001
000000000001111011110000000001
000000000000111111100000000000
110000000000011111000000000000
110000000000000000000000000000
000000000000000000000000000000
000000000000000000000000000000
000000000001000000000000000000
000000000011100000000000000000
