000000000000000000000000000001
000000000000000000000000000000
000000000000000000000000000000
000000000000000000000000000000
000000000000000000000000000000
000000000000000000000000000000
000000000000000000000000000000
000000000000000000000000001100
000011111000000000000000011100
000111111000000000000000000000
000111100000000000000000000000
000011000000000000000000000000
000010000000000000000000000000
000111000000000000000000000000
100111000000000000000000000000
100010000000000000000000000000
000000000000000000000000000001
000000000000000111100000111111
000000000000000011111111111010
000000000000011111011110011110
000000000000011111110000010011
100000010000001001100000111110
000000010000000000000000111011
000000000000000000000001001111
000000000000000000000000100000
000000000000000000100000000000
000000000000000011000000000000
000000000000000001100000000000
000000000000000001110000000000
000000000000000001010011010100
