000000000000000000000000000000
000000000000000000000000000000
000000000000000000000000000000
000000000000000000000000000000
000000000000000000000000000000
000000000000000000000000000000
000000000000000000000000000000
000000000000000000000000000000
000000000000000000000000000000
100000000000000000000000000000
010000000000000000000000000000
000000000000000000000000000000
000000000000000000000000000000
000000000000001111111000000000
000000000001111111111100000000
000000000000111111111110000000
000000000001111100001110000000
000000000001110000001110000000
000000000001110000001110000000
000000000001110010001110000000
000000000001110111111110000000
000000000000111101111110000000
000000000000011111111110000000
000000000000001111111110000000
000000000000000100011110000000
000000000000000000011100000000
000000000000000001111000000000
000000000000000011111000000000
000000000000001111111000000000
000000000000101111010000000000
