000010000000000010000000000000
000000000000000000000000000000
000000000000000000001000000000
000000000000000000011000000000
000000000000000000000000000000
000000000000000000000000110000
000000000000000000000000011100
011101000011100000001100111100
111111110011000000000100111100
111010110000000000000000100000
001100000000000000000100100000
001100000000000000001000000000
111110000000000000001100000000
010111000000000000001100000000
100000000000000000000000000000
100000000000000000000110110000
000000000100000111111111111000
000001111110111111111100000100
000001111000011111110000000100
100000100000010000010000001110
000000000000000000111000000100
000000010000000000111110000000
000000010000000000111101000000
000000000000000000011011100000
000000000000000000000001100000
000000000000000000000001010000
000000000000000000001111100000
000000000000000000001101000000
000000000000000000001100000000
000000000000000000000100000000
