000000000000000000000000000000
000000000000000000000000000000
000000000000000000000000000000
000000000000000000000000000000
000000000000000000000000000000
000000000000000000000000000000
000000000000000000000000000000
000000000000000000000000000000
000000000110000000000000000000
000000000110000000000000000000
000000000000001100011000000000
000000000000111000001100000000
000000000001110000000110000000
000000000001110000000110000000
000000000001100000000110000000
000000000001110000000110000000
000000000000110000000110000000
000000000000110000000110000001
000000000000011100000100000001
000010000000001111111000000000
000111000000000001101100000000
000010000000000000011000000000
000000000000000000110000000000
000000000000000001100000000000
000000000000000000000000000000
000000000000000000000000000000
000000000000000000000000000000
000000000000000000000000000000
000000000000000000000000000000
000000100000000100000011000000
