000000000000000000000000000000
000000000000000000000000000000
000000001100000000000000000000
000000001000000000000000000000
000001110000000000000000000000
000001000000000000000000000000
000000000111000000000000000000
000000000000000000000000000000
000000000000001000000000000000
000000000000000100000000000000
000000000000001000001100000000
000000000000000000001111000000
000000000000000000000011100000
000000000000000000000001000110
000000000000000000000000000000
000000000000000000000000000000
000000000000000000000000000000
000000000000000000000000000000
000000000000000000000000000000
000000000000000000000000000000
000000000000000000000000000000
000000000000000000000000000000
000000000000000000000000000000
000000000000000000000000000000
000000000000000000000000000000
000000000111111111111111000000
000000000111111111011111000001
000000000000000000000000000000
000000000000000000000000000000
000000000000000000110000000000
