000010000000000000001000011000
000000000000000000000000000000
000000000000000000000000000000
000000000000000000000011100000
000000000000000000000011100000
000000000000000000000000000000
000000000000011000011100100000
000000000000011111111100111000
000000000000001111111000011100
000000000110011000011100011100
000000000110110000001100010100
000000000001100000001100011100
000000000000000000000110011000
000000000000100000000110010000
000000000001100000000110010000
000000000000100000001111000000
000000000000010000011110100000
000000000000001111110111100000
000000000000000111100011100000
000000000000000000000000000000
000000000000000000000000000000
000000000000000000001000000000
000000000000000000011000000000
000000000000000111100000000000
000000000000000111000000000000
000000110000000000000000000000
000000100000000000000000000000
000000000000000000000000000000
000000000000000000000000000000
000001101000001000000000000000
