000000000000001000100000000001
000000000000000000100000000000
000000000000001001110000000001
000001110000111001100000000001
000001100000110000000000000000
000000000000000000000000000000
000000000000000000000000000000
000000000000000000000000000000
000000000000000000000000000000
000000000000000000000000000000
000000000000000000000000000000
000000000000000000000000000000
000000000000000000000000000000
000000000000000000000000000001
000000000000000000111110000000
000000000000000000111110000000
000000000000000000000000000000
000000000000000000000000000000
000000000000000000000000000011
000000000000000000000000000011
000000000000000000000000000000
000000000000000000000000000000
000000000000000000000000000000
000000000000000000000000000000
010000000000000000000000000000
000000000000000000000000000000
000000000000000000000000000000
000000000000000000000000000000
100000000000000000000000000000
000000000000000000000000000000
