000000000000000000000000000000
000000000000000000000000000000
000000000000000000000000000000
000000000000000000000000000000
000000000000000000000000000000
000000000000000000000000000000
000000000000000000000000000000
000000000000000000000000000000
000000000000000000000000000000
000000000000000000000000000000
000000000000000000000000000000
000000000000000000000000000000
000000000000000000000011000000
000000000000110000000011000000
000000000000110000000011000000
000000000000000000000000000000
000000000000000110000010000000
000000000000001100000111000000
000000000000001100000110000000
000000000000001100001110000000
000110000000011110001110000000
000110000000010110011100000000
000000000000000000011000000000
000000000000000000111000000000
000000000000000000110000000000
000000000000000001100000000000
000000000000000011000000000000
000000000000000111000000000000
000011000000000111000000000000
000011000000100011000000000000
