000000000000011000000000000000
000000000000000000000000000000
000000000000000100000001000000
000000000001100000000011100000
000000000000100001111111111000
000000000000000011111101111111
000000000000001111111110000111
000000000000001111111111000000
000000000000011111011111000000
000000000000111110000111100000
000000000000011110000111100000
000000000000111100000111100000
000000000000111100001111100000
000000000000111111001111100000
000000000000111111111111100000
000000000000111111111111100000
000000000000011111111101000000
000000000000000111111111000000
000000110000010000011111000000
000000100000111000011110000000
000000000001111100111111000000
001000000000111111111101100000
111000000000111111111111100000
010000000000001111100000000000
100000000000000000000000000000
000000000000000000000000000000
000000000000000000000000000000
000000000000000000000000000000
000000000000000000000000000000
000000000000000000000000000000
