000000000000010010000000000000
000000000000011110000000000000
000000000000111100000000000000
000000000001110001000000000001
000000000000000001100000000011
000000000000000000110000000011
000000000001100000110000000011
000000000001100011100000000011
000000000001110111000000000001
000000000001111100000000000001
000000000000111100000000000000
000000000000010100000000000001
000000000000000111000110000001
000000000000001111001110000001
000000000000001110000110011010
000000000000000100000011110011
000000000000001101100110110011
000000000000010111111011100110
000000000011111111111111111111
111100111111111011110100001000
111000111100101000111110000000
011111110000000000000100000000
111011110000000000000000000000
110000110000000000000000000000
000000000000000000000000000000
000000000000000000000000100000
000000000000000000000001100000
000000000000000001000011110000
000000000000000011000011101000
010100000000000010000011010000
