000000000000000000000000000000
000000000000000000000000000000
000000000100000000000000000000
000000000110000000000000000000
000000000000000000000000000000
000000000000000000000000000000
000000000000000000000000000000
000000000000000100000000000000
000000000000011010000000000000
000000000000110111001100000000
000000000001111111001100000000
000000000001100111000000000000
000000000001101111000000000000
000000000001111011000000000000
000000000000110011000000000000
000000000000000011000000000000
000000000000000011000000000000
000000000000000011000000000000
000000000000000011000000000000
000000000000000011000000000000
000000000000000011000000000000
000010000000000000000000000000
000111000000000000000000000000
000010000000000000000000000000
000000000000000000000000000000
000000000000000000000000000000
000000000000000000000000000000
000000000000000000000000000000
000000000000000000000000000000
000000000000000000000000000000
