000000000000000000000000000000
000000000000000000000000000000
000000000000000000000000000000
000000000000001100000000000000
000000000000000000000000000000
000000000000000000000000000000
000000000000000111110000000000
000000000000001111111000000000
000000000000011111111000000000
000000000000011111111100000000
000000000000011100011100000000
000000000000111100011100000000
000000000000111100011100000000
000000000000111000011100000000
000000000000111000111100000000
000000000000111101111100000000
000000000000111111111100000000
000000000000011111111100000000
000000000000001111111000000000
000000000000000001111000000000
000000000000111001111000000000
000000000001111111111000000000
000000000001111111110000000000
000000000000111111111000000000
000000000000011111011000000000
000000000000001111111000000000
000000000000001100110000000000
000000000000001100000000000000
000000000000001000000000000000
000000000001010000000110000000
