000000000000000000010000000000
000000000000000000000000000000
000000000000000000000000000000
000000000000000000000000000000
000000000000000000000000000000
000000000000000110000000000000
000000000000001110000000000000
000000000000010000000000000000
000000000000000000000000000000
000000000000000000000000000000
001000000000000000000000000000
001000000001000000000000000000
000000000001100000010000000000
000000000000100000110000000000
000000000000000000111000000000
000000000000000000111000000000
000000000000011100011000000000
000000000000001100010000000000
000000000000000000011000000000
000000000000000000010000000000
000000000000110000000000000000
000000000000110000000000000000
000000000000100000011000000000
000000000000000001101000000001
000000000000001001110000000000
000000000000000001100000000000
000000000000000000000000000000
000000000000000000000000000000
000000000000000000000000000000
000001000000000000000000001100
