000000000000000000000000000000
000000000000000000000000000000
000000000000000000000000000000
000000000000000000000000000000
010000000000000000000000000000
011000000000000000000000000000
000000000000000000000000000000
000000000000000000000000000000
000000000000000000000000000000
000000000000000000000000000000
000000000000000000000000000000
000000000000000000000000000000
000000000000000000000000000000
000000000000000000000000000000
000000000000000000000000000000
000000000000000000000000000000
000000000000000000001000000000
000000000000000000011100000001
000000000000000000001100000001
000000000000000000000000000000
000000000000000000000000000000
000000000000100000000000000000
000000000000100000000000000000
000000000000000000000000000000
000000000000000000000000000000
000000000000000000000110000000
000000110000000000000000000000
000001110000000000000000000000
000000000000000000000000000000
000000000000000000010000000000
