000000000000000000000000000000
000000000000000000000000000000
000000000000000000000000000000
000000000000000000000000000000
000000000000000000000011000000
000000000000000111111101000000
000000000000001111011100000000
000000000000001100001110000000
000000000000001100000110000000
000000000000011010000000000000
000000000000111111100011000000
000000000000111001100111000000
000000000000011101000111100000
000000000000000110111111100000
000000000000001111101111100000
000000000000000110000011000000
000000000000000000000110000000
000000000000000000000111000000
000000000000001000000111000000
000000000000011100000110000010
000000000000011100001110000011
000000000000011111111100000011
000000000000001111111000000011
000000000000000000000000000011
000000000000000000000000000011
000000000000000000000000000011
000011000000000000000000000000
000011000000000000000000000000
000011000000000000000000000000
000010000000000000000000000000
