000000000000000000001001000000
000000000000000000000000000000
000000000000000000000000000000
000000000000000000000000000000
000001100000000000000000000000
000001100000000000100000000000
000000000000000111110000000000
000000000000011111111000000000
000000000000011111111000000000
000000000000011111111100000000
000000000000111110011110000000
000000000000111100011100000000
000000000000111000111100000000
000000000000111000111100000000
000000000000111000111100000000
000000000000111101111100000000
000000000000111111111100000000
000000000000011111111100000000
000000000000001111111100000000
000000000000000001111000000000
000000000000110001111000000000
000000000001111011111000000000
000000000001111111110000000000
000000000000111111100000000000
000000000000011111110000000000
000000000000011110100000000000
000000000000000001000000000110
000000000000000000000000000110
000000000000000000000000000000
000000000000000000000000000000
