000000000000000000000000000000
000000000000000000000000000000
000000000000000000000000000000
000000000000000000000000000000
000000000000000000000000000000
000000000000010110011000000000
000000000000001110011100000000
000000000000011100001110000000
000000000000011100000111000000
000000000000111000000111000000
000000000001111100010011000000
000000000000111100001111100000
000000000000111100000111100000
000000000000011100000111100000
000000000000001110001111110000
000000000000000110000111100000
000000000000000000000111000000
000000000000000000000111000000
000000000000001000000111000000
000000000000011100000110000000
000000000000011100001110000000
000000000000011101111100000000
000000000000001111111000000000
000000000000000000000000000000
000000000000000000000000000000
000000000000000000000000000000
000000000000000000000000000000
000000000000000000000000000000
000000000000000000000000000000
111111111111111111111111111111
