001100000000000001111110011011
000000000000000000011110000011
000000000000000000000110000001
000001000000000000000000011001
000001000000000000000000011101
000001000000000000000000001000
100000000000000000000000000000
100000000000000000000000000000
000000000000000000000000000000
000000000000000000000000000000
000000000000000000000000000000
000000000000000000000000000000
000000000000000000000000000100
000000000010000011110000001100
100000000110000111111000011100
000111111110110100011000001000
000001110111111000001100000000
100011000110110000001100000000
010011000000110000000000110000
100011000001100000000100110000
000000000000100000000110000000
000000000000011001111100000000
000000000000011111111100000000
000000000000000111111100000000
000000000000000000001100000000
000000000000000000011100000000
000000000000000000111000000000
000000000000000001110000000000
000000000000000011100000000000
000010000000000111000000000000
