000000000000000000000000001000
000000000000000000000000000000
000000000000011100000000000000
000000000000011100001100000000
000000000000000000001100000000
000000000000000000000000000110
000000000000000011100000000001
000000000000000111110000000000
000000000000001100110000000000
000000000000001000100000000000
000000000000010000000000000000
000000000000110000000000000000
000000000000110000000000000000
000000000000110000001100000000
000000000000110011011100000000
000000000000010011011000000000
000000000000011011011000000000
000000000000001111011000000000
000000000000000110011000000000
000000000000000000011111000000
000000000000100000110110000000
000000000001110001100000000100
000000000000111001100000000000
000000000000011111000000000000
000000000000001110000000000000
000000000000000000000000000000
000000000000000000000000000000
000000000000000000000000000000
000000000000000000000000000000
000000000000000000001000000000
