000000000000000000000000000000
000000000000000000000000000000
000000000000000000000000000000
000000000000000000000000000000
000000000000000000000000000000
000000000000000000000000000000
000000000000000000000000000000
000000000000000000000000000000
000000000000000000000000000000
000000000000000000000010000000
000000000000000000010111000000
000000000000000000111111000000
000000000000000000011111000000
000000000000000000011111100000
000000000000000000011011100000
000000000011000001101111100000
000000000011000001110011100000
000000000000000011110011100000
000000000000000011100011100000
000000000000000011100011100000
000000000000000111111111110000
000000000000001111111111110000
000000000000011111111111110000
000000000000011110000011110000
000000000000001100000001110000
000000000000111100000000111000
000000000001111100000000111000
000000000011111011000000111000
000000000011110011000000111000
000000000011110010001000011000
