011111111110111010011111111000
000010100111111101111111111000
000001011110111011111111111100
000010001111110111101111101100
000011111111111110111101111100
000011011111111111010111111100
000011011111001111111111111100
000011101101011111111111111110
111111101111111111111110111100
011111111011111111111110111111
111111111111111111111111110101
111011001111110111111111111111
111011111111011111111111111000
111111111111111111111111011111
111101111111111111111111101111
011111111101101111111111110111
111111111111111111111111111110
111111111111111111111111111111
111111100001111111011111111011
100111111111111111101111111111
111111111111111111111111111100
111111111111111111111111111110
011010111111111111111111111100
110111111111111111111111111111
100101110110110111111111111111
111111111101111101111111011111
011111101111111111101111111111
111011111110111111111110111111
111111111110101111111111110101
111111011111011111111111110111
