000000000000001100000000000000
000000000000000000000000000000
000000000000000000000000011000
000000000000000000000000010000
000000000000000000000000000000
000000000000000000000000010000
000000000000000000000000000000
000000000000000111100000000000
000000000000000010110000000000
000000000000000011110000000000
000000000000000110010000000000
000000000000000110011000000000
000000000000001100011000000000
000000000000001100001000000000
000000000000011100001100000000
111000000000011000001100000000
110000000000011001111110000000
110000110000010000111110000000
100000100000110000010010000000
000000000000110000000011000000
000000000000011000000011000000
000000000000111000000111100000
000000000000101000000000000000
000000000000000000000000000000
000000000000000000000000000000
000000000000000000010000000000
000001000000000000110000000000
110000111110000001110000000000
000000001110000010000000000000
100110001111000011001001000000
