101111101011000000000001101000
000011110000000000000000000000
100000100000000000000000000000
100000000000000000000000000000
000000000000000000000110110000
001000000000000001111111011000
001000000000000011111011110000
001000000000000011111110101100
011000000000000111111111011100
111110000000000111110111111000
111111111111011111111110001100
100011111110101111111111111101
000000000111011111011111100000
000000000000001101111111100000
000000000000001110001111110000
000000000000011110001011100000
000000000000111111111111110000
000000000000111111111111110000
000000000000111111111111110000
000000000001111111111111110000
000000000111111100000011111000
000000000101111000000011111100
000000000111110000000001111000
000000000000000000000000000000
000000000000000000000000000000
000000000000000000000000000000
000000000000000000000000000000
000000000000000000000000000000
000000000000000000000000000000
000010010000000010000000000000
