000000000000000000000000000000
000000000000000000000000000000
000000000000000000000000000000
000000000000000000000000000000
000000000000000000000000000000
000000000000000001110000000000
000000000000000011111000000000
000000000000000011111000000000
000000000000000111111000110000
000000000000000111110100000000
000000000011001111111110000000
000000000011011110011110000000
000000000000001111011110000000
000000000000001110001111000000
000000000000011100001111000000
000000000000111100001111000000
000000000000111111011111000000
000000000000111111111111100000
000000000000111111111111110000
000000000000111000000011110000
000000000001111000000011100000
000000000001110000000001110000
000000000000100000000000100000
000000000000000000000000000000
000000000000000000000000000000
100000000000000000000000000000
000000000000000000000000000000
000000000000000000000000000000
000000000000000000000000000000
000000010000000000000000000000
