000000000000000000000010010000
000000000000000000000000000000
000000000000000000000000010000
000000000000000000000000000000
000000000000000001010000000000
000000000000000010111100000000
000000000000000001011110000000
000000000000000000111110000000
000000000000000000111110000000
000000000000000001110111000000
000000000000000001110111000000
000000000000000011100111000000
000000000000000011100111000000
000000000000000111100011000000
000000000000001111000011100000
000000000000001110000011100000
000000000000111110000011100000
000000000000111111111111100000
000000000000111111111111100000
110000000001111000000001100000
100000000001111000000001110000
000000000001110000000001110000
000000000011100000000001110000
000000000001000000000000100000
000000000000000000000000000000
000000000000000000000000000000
000000000000000000000000000000
000000000000000000000000000000
000000000000000000000000000000
000000000000000000000000000010
