000000000000000000000000000000
000000000000000000000000000000
000000000000000000000000000000
000000000000000000000000000000
000000000000000000000000000000
000000000000000000100000000000
000000000000000001110000000000
000000000000000000110000000001
000000000000000001110000000001
000000000000000011111000000000
000000000000000011111100000000
000000000000000111111100000000
000000000000000110101110000000
000000000000000100100110000000
000000000000001110011111000000
000000000000011100000011000000
000000000000011000000011100000
000000000000111000000001110000
000000000000110000000001111000
000000000001110000000000110000
000000000000100000000000000000
000000000000000000000000000000
000000000000000000000000000000
000000000000000000000000000000
000000000000000000000000000000
000000000000000000000000000000
000000000000000000000000000000
000000000000000000000000000000
000000000000000000000000000000
000000000000000000000000010000
