000000000000000000000000000000
000000000000000000000000000000
000000000000000000000000000000
000000000000000000000000000000
000000000000000000000000000001
000000000000000011000000000000
000000000000000111100000000000
000000000000001101100000000000
000000000000001101100011000000
011000000000001000100000000000
010100000000011001110000000000
001000000000011001110000000000
000100000000010000010000000000
000000000000111000111000000000
000000000000111111111000000000
000000000000110110111000000000
000000000000100000011100000000
011100000000110000011100000000
011000000001110000001100000000
000000000001100000001100000000
000000000001100000001100000000
000000000000000000000000000000
000000000000000000000000000000
000000000000000000000000000000
000000000000000000000000000000
000000000000000000000000000000
000000000000000000000000000000
000000000000000000000000000011
000000000000000000000000000111
000000000000000000000000000111
