000000000000100000000000000000
000000000001100000000000000000
000000000000100000000000000000
000000000000000000000000000000
000000000000000000000000000000
000000000000000000000000000000
000000000000000000000000000000
000000000000000011000000000000
000000000000001111000000000000
000000000110010110000000000000
000000000010001100000000000000
000000000000000100000000000000
000000000000001000000000000000
000000001000000000000000000000
000000000000000000000000000000
000000000000000000000000000000
000000000000000000000000000000
001001000001110000100000000000
000000000111111000111100000011
100001100010000000010011111111
000011100000000000000111111110
111001010011000000001100101101
111001100011100000001100000000
000000000001100000001100000000
000000000000000000001000000000
000000000000000000010000000000
000000000000000000000000000000
000000000000000000000000000000
000000000000000000000000000000
000000000011000011000000000000
