000000000000000000010011000000
000000000000000000000000000000
000000000000000000000000000000
000000000000010000000000000000
000000000000010011011000000011
000000000000000011111100000011
000000000000000011111111000001
000000000000000111111110000001
000000000000001111111110001011
000000000000001111111111011011
000000000000001111111111100000
000000000000001111111111000000
000000000000011111011111100000
000000000000011111011111100000
000000000000011111001111100000
000000000000111111001111100000
000000000000111111111111110000
100000011000111111111111110000
000000111001111111111111111000
000000110001111111111111101100
000000011001111001100101111000
000000110011111100000011111100
000000000001111000000001111100
000000000000000000000000000000
000000000000000000000000000000
000000001100000001000000000000
000000001100000011000000000000
000000000000000111000000000000
000000000000000000000000000000
000000000000110000000000000000
