000000000000000000000000000000
000000000000000000000000000000
000000000000000000000000000000
000000000000000000000000000000
000000000000000000000000000000
000000000000000000000100000000
000000000000000000000000000000
000000000000111111110000000000
000000000000111111110000000000
000000000000000111110000000000
000000000000001111111000000000
000000000000011110111000000000
000000000000011110111100000000
000000000000011110011100000000
000000000000011110011110000000
000000000000011100011110000000
000000000000111111111110000000
000000000000111111111111000000
000000000001111000000111000000
000001000001111000000111000000
000001000011111100001111110000
000000000011111100001111110000
000000000000000000000000000000
000000000000000000000000000000
000000000000000000000000000000
000000000000000000000000000000
000000000000000000000000000000
000000000000000000000000000000
000000000000000000000000000000
000000000000000000000000000000
