000000000000000000000000000000
000000000000000000000000000000
000000000000000000000000000000
000000000000000000000000000000
000000000000000000000000000000
000000000000000000000000000000
000000000000000111000000000000
000000000000001111000000000000
000001100000001111000000000000
000001110000000111000000000000
010000000000001111000000000000
111000000000001101100000000000
000000000000001001100000000000
000000000000000000100000000000
100000000000000000010000000000
100000000000000000011000000000
000000000000110000011001110000
000000000000111111111001100000
000000001100111111111001100000
000000001100111100011100000000
000000001101001000001100000000
000000000111000000111100000000
000000000011100001100110000000
000000000010000000100110000000
000000000011000000011100000000
000000000000000000110000000001
000000000000000001100000001111
000000000000000000000111111101
000000000000000000000111100000
000000000000000000111000100000
