010110100010000000000000000000
000000000000000000000000000000
100000000000000000000000000000
000000000000100000000000000000
000000000000100000000000000000
000000000000000000000000000000
000000000000000000000001110000
000000000000000101000000000000
000000000000000010110000000000
000000000000000000110000000000
000000000000000110010000000000
000000000000000110011000000000
000000000000000100011000000000
000000000000000000001000000000
000000000000000000011110000000
000000000000001000110111000000
000000000000011100111110000000
000000000000011000000110000000
000000000000010000000000000000
000000000000000000000010000000
000000000000100000000111000100
000000000000000000000111000000
000000000000000000000000000000
000000000000000000000000000000
000000000000000000000000000000
000000000000000111000000000000
000000000000000111000000000000
000000000000000010000000000000
000000000000000000000000000000
000000000000000100000000000000
