000000000000000000010000000000
000000000000000000000000000000
000000000000000000000000000000
000000000000000000000000000000
000000000000000000000000000011
000000000000000000000000000000
000000000000000010000000000000
000000000000000111000000000000
000000000000000111000000000000
000000000000001111000000000000
100000000000001111000000000000
000000000000001111100000000000
000000000000001001100000000000
000000000000000001110000110000
100000000000111010110000100000
100011111111111111010001001000
000011111111111111111111111111
000000000000111111111111111111
000000000001111111111001000000
000000000011100000001000000000
000000000001000000000000000000
000000000000000000000100000000
000000000000000000000110000000
000000000010000000000110000000
000000000000000000000000000000
000000000000000000000000000000
000000000000000000000000000000
100000000000000000000000000000
100000000000000000000000000000
000000000000000000000000000000
