000000000000000000000000000000
000000000000000000000000000000
000000000000000000000000000000
000000000000000000000000000000
000000000000000000010000000000
000000000000000000111000000000
000000000000000001111000000000
000000000000000001110000000000
000000000000000001111000000000
000000000000000011111000000000
000000000000000011011100000000
000000000000000110001100000000
000000000000000110001110000000
000000000000001100000110000000
000000000000001110001111000000
000000000000011100000111000000
000000000000111000000011100000
000000000000111000000001100000
000000000000110000000001110000
000000000001110000000000110000
000000000001100000000000000000
000000000000000000000000000000
000000000000000000000000000000
000000000000000000000000000000
000000000000000000000000000000
000000000000000000000000000000
000000000000000000000000000000
000000000000000000000000000000
000000000000000000000000000000
000000000000000000000000000000
