000000000000000000000000010010
000000000000000000000000000000
000000000000000000000000000000
000000000000000000000000000000
000000000000000000000000000000
000000000000000000000000000000
000000000000000000000001100000
000000000000000000000001100000
000000000000000000000000000000
110000000000000000000000000000
110000000000000000000000000000
110000000000000000000000000000
000000000000000001100000000000
000000000000000011110000000000
000000000000000111110000000000
000000000000000111111000000000
000000000000001111011000000000
000000000000001110011100000000
000000000000011110101100000000
000000000000011101111110000000
000000000000011111000110000000
000000000000111010011111100000
000000000000111111111111110000
000000000000111111111111110000
000000000000110000000011100000
000000000001110000000011100000
000000000001110000000001100000
000000000001110000000001110000
000000000001100000000001110000
000000000001100000000001110100
