000000000000000000000000000000
000000000000000000000000000000
000000000000000000000000000000
000000000000000000000000000000
000000000000000000000000000000
000000000000000000000000000000
000000000000000000000000000000
000000000000000000000000000000
000000000000000001100000000000
000000000000000011110000000000
000000000000000011101000000000
000000000000000111111100011000
000000001100001111111110011000
000000000000001110011111011000
000000000000001110010110000000
000000000000011100001110000000
000000000000011100001111000000
100000000000111100001111000000
100000000000111111111111110000
000000000000111111111111110000
000000000000111000000111100000
000000000001110000000011100000
000010000001110000000001110000
001110000011110000000001110000
001100000011110000000001110000
001100000011100000000001110001
000000000000000000000000000001
000000000000000000000000000001
000000000000000000000000000000
000000000000000000000000000001
