000000000000000000000000000000
000000000000000000000000000000
000000000000000000000000000000
000000000000000000000000000000
000000000000000000111111110000
111111110000000000111111101000
111111110000000000011111111111
000111100000000000111111101111
001111000000000000111111100000
001111000000000001111111110000
011111000000000001111111110000
011110000000000011111011110000
011100000000000011110011110000
100100000000000111100011110000
111000000000000011000011110000
111000000000000000000011111000
110000000000001111111111111000
110000000000011111111111111000
100000000000111101111111111000
100000100000111111111111111000
100001000001111100000001111000
000000100011111100000011111100
000000000011100000000001111100
000000000011000000000000111000
000000000000000000000000000000
000000000000000000000000000000
000000000000000000000000000000
000000000000000000000000000000
000000000000000000000000000000
000000000000000000000000000011
