000000000000000000000000000011
000000000000000000000000000000
000000000000000000000000000000
000000000000000000000000000000
000001100000000000000000000000
000011100000000000000000000000
000001000000000001100000000000
000000000000000011110000000000
000000000000000011110000000000
000000000000000111110000000000
000000000000000111111000000000
000100000000001111111001111100
001100000000011111111111111111
000000000000011111111100000011
000000000000011100011100000000
000000000000001100011110000000
000000000000011100001110000000
000000000001111000001110000000
000000000000111111111111000000
000001000000111111111111000000
000000000000111111111111100000
000000000001110000000111100000
000000000001110000000011100000
000000000011110000000011100000
000000000001100000000001100000
000000000000000000000000000000
000000000000000000000000000000
000000000000000000000000000000
000000000000000000000000000000
000000000000000000000000000000
