000000010000000000000000000000
000000000000000000000000000000
000000000000000000000000000000
000000000000000000000000000000
000000000000000000000000000000
000000000000000000000000000000
000010000000000000000000000000
000100000000000000000000000000
001100000000000000000000000000
001100000000000000000000000000
000000000000000000001100000000
000000000000000000000100000000
000000000000000000000110000000
000000000000000000000110000000
000000000000000000000000000000
000000000000000000000001000000
000000000000000100000001100000
000000000000001110000011000000
000000000000001100000001000000
000000000000000000000000100000
000000000000000000000000000000
000000000000010000000000100000
000000000000000000000000000001
000000000000000000000000000000
000000000000000000000000000000
000000000000000000000000000000
000111010000000000000000000000
000111111111000000000000000000
000100101011100001000000000000
001100110000000011100000000000
