000000000000000000110001100000
000000000000000000000000000000
000000000000000000000000000000
000000000000000000000000000000
000000000000000000000110000000
000000000000000000001101111000
000000000000000000001111110000
000000000000000000000110100000
000000000000000000000000000000
000000000000111111110000000001
000000000000111111111110000101
000000000000111111111110001100
000000000000111110111111001000
000000000000110000111111000011
000000000000100000111111000011
000000000000011111111111101101
000000000000111111111111001110
000000000001111111111110001000
000000000001111010111110000110
000000000111111101111110000100
000000000001111111111110000011
000000000000111111111111000111
000000000001111111111110000000
000000000000000000000000000000
000000000000000000000000000000
000000000000000000000000000000
000000000000000000000000000000
000000000000000000000000000000
000000000000000000000000000000
000000000000000000000000000000
