000000000000000000000000000000
000000000000000000000000000000
000000001011000000000000000000
000000011111000000000000000000
000000000000000000000000000000
000000000000000000000000000000
000000000000000000000000000000
000001100000000000000000000000
000000000000000000000000000000
000000000111000000000000000000
000001111110000000000000000000
000001110000000000000000000000
100000000000011111110000000110
100000000000111111111000000000
000000000001111111111000000000
000000000001011000111000000000
000000000011011000111000000000
000000000111011111111000000000
000000000011111111111000000000
000000000111110000111100000000
000000000111100000001100000000
000000000011111000111000000000
000000000011111101111000000000
000000000000111111111000000000
000000000000011111110000000000
000000000000000000000000000000
000000000000000000000000000000
000000000000000000000000000000
000000000000000000000000000000
001000000001100000000000000000
