000000000000000000000000000000
000000000000000000000000000000
000000000000000000000000000000
000000000000000000000000000000
000000000000000000000000000000
000000000000000000000000000000
000000000000000000000000000000
000000000000000000000000000000
000000000000000000000000000000
000000000000000000000000000000
000000000000000000000000000000
000000000000000000000000000000
000100000000001111000000000000
000000000000011111100000000000
000000000000111111110000000000
000000000000010000110000000000
000000000000000000010000000000
000000000000000001110000000000
000000000000011111110000000011
000000000000111111011000000110
000000000001110111111000000000
000000000011111101010000000000
000000000001111111110000000000
000000000000100111110000000000
000000000000000000100000000000
000000000000000000000000000000
000000000000000000000000000000
000000000000000000000000000000
000000000000000000000000000000
000000000000000000000000000000
