000000000000000000000000000000
000000000000000000000000000000
000000000000000000000000000000
000000000000000000000000000000
000000000000000000000000000000
000000000000000000000000000000
000000000000000000000000000000
000000000000000000000000000000
000000000000000000000000000000
000000000000000000000000000000
000000000000000000000000000000
000000000000000111111110000000
000000000000001111111111000000
000000000000000111100111100000
000000000000000000000111100000
000000000000000111111111100000
000000000000011111111111000000
000000000000111110001111000000
000000000001111100001111000000
000000000001111100111111000000
000000000000111111111111100000
000000000000011111101111100000
000000000000000000000000000000
000000000000000000000000000000
000000000000000000000000000000
000000000000000000000000000000
000000000000000000000000000000
000000000000000000000000000000
000000000000000000000000000001
000000000000000000000000000001
