000000000000000000000000000000
000000000000000000000000000000
000000000000000000000000000000
000000000000000000000000000000
000000000000000000000000000000
100000000000011110000000000000
000000000000011111000000000000
000000000000001110000000000000
000000000000000110000000000000
000000000000110001000000000000
000000000000000011100000000000
010000000000000011110100000000
110000000000000110011000000000
000000000000000110001000000000
000000000000001110000100000000
000000000000001000000111100000
000000000000011100001111100000
000000000000111000010011110000
000000000000110000110010111100
000000000001100000010110011100
000000000000000000001100000000
000000000000000000000000000000
000000000000000000000000000000
000000000000000000000000000000
000000000000000000000000000000
000000000000000000000000000000
000000000000000000000000000000
000000000000000000000000000000
000000000000000000000000000000
000000001000000000000000000000
