000000000000000100000000000000
000000000000000100000000000000
000000000000000111000000000000
000000000000000110000000000000
000000000000000000011000000000
000000000000000000001100000000
000000000000000000000000000000
000000000000000000000000000000
000000000000000000000000000000
000000000000000000000000000000
000000000000000000000000000000
000000000000000111111111000000
000000000000000111111111100000
000000000000000011000111100000
000000000000000000000111100000
000000000000000111111111100000
000000000000011111111111000000
000000000000111100001111000000
000000000000111000001111000000
000000000001111001111111000000
000000000000111111111111100000
000000000000011111101111100000
000000000000000000001100000000
000000000000000000000000000000
000000000000000000000000000000
000000000000000000000000000000
000000000000000000000000000000
000000000000000000000000000000
000000000000000000000000000000
000000000000000000101000100000
