110011110000000000000000111110
111111110000000000000000111011
111111110000000000000000011110
111110110000000000000000111110
110001100000000000000000111010
111111000000000000000000111111
111110000000000000000000110111
111100100000000000000000111000
101011100000000000000000110001
010011000000000000000000010000
001010100000000000000000000000
001111000000000000000000000000
011110000000000000000000000011
111111100000000000000000001110
111101110000000000000000011110
111110110000000000000000001111
111111111011011101111110000000
110111110111111111111111000000
010101110111101111111111000000
111011110011111111111100000000
110000000011111111111100000000
100000000101111110011110000000
100011000111111011111111000000
100011100111111111111110000000
011111001101111111111110000000
011111000111111111111100000000
001111110111110101011110000000
011111111101111111111111000000
011110111111111111111111000000
111101111110111111111111000000
