000000000000000000000000000000
000000000000000000000000000000
000000000000000000000000000000
000000000000000000000000000000
000000000000000000000000000000
000000000000000000000000000000
000000000000000000000000000000
000001000000000000000000000000
000011000000000000000000000000
000010000000000000000000000000
000000000000000000000000000000
000001000000011111111100000000
000011000000111111111100000000
000110000000111111111011000000
000000000000111100011111000000
000000000000111000001111000000
000000000000000000111111000000
000000000000111111111111000000
000000000001111111111111000000
000000000001111101001111000000
000000000001111000011111000000
000000000001111100111111000000
000000000001111111111111000000
000000000000111111110111000000
000000000000011111000111000000
000000000000000000000011000000
000000000000000000000000000000
000000000000000000000000000000
000000000000000000000000000000
000000000000000000011010000110
