000000000000000000000000000000
000000000000000000000000000000
000000000000000000000000000000
000000000000000000000000000000
000000000000000000000000000000
000000110000000000000000000000
000000110000000000000000000000
000000000000000000001100000000
000000000000000000000000000000
000000000010000010000000000000
000000000001000010000000000000
000000000000000011111110000000
000000000000000111111111000001
000000000000001110000011000000
000110000000000100000011000000
011111000000000010111111000001
001110000000011111111111000000
001100000000111110000111000000
000000000000111000001111000000
000000000000111000111111000000
000000000000111111111111100000
000000000000011111001111000000
000000000000000000000000000000
000000000000000000000000000000
000000000000000000000000000000
000000000000000000000000000000
000000000000000000000000000000
000000000000000000000000000000
000000000000000000000000000000
000000101000000100000000000000
