000000000000000000000000000000
000000000000000000000000000000
000000000000000000000000000000
000000000000000000000000000000
000000000000000000000000000000
000000000000000000000000000000
000000000000000000000000000000
000000000000000000000000000000
000000000000000000000000000000
000000000000000000000000000000
000000000000000001000000000000
000000000000011111111000000000
000000000000011111110000000000
000000000000111111110000000000
000000000000111111111000000000
000000000000000000111000000000
000000000000000000011000000000
000000000000011111111000000000
000000000000111111111000000000
000000000001110000111100000000
000000000001100000111100000000
000000000001111001111000000000
000000000001111111111000000000
000000000000111111111000000000
000000000000011111110000000000
000000000000000000000000000000
000100000000000000000000000000
000100000000000000000000000000
000000000000000000000000000000
000000000000000000000000000100
