000000000000000000000000000000
000000000000000000000000000000
000000010000000000000000000000
000000011000000000000000000000
000000010000000000000000000000
000000000000000000000000000000
000000000000000000000000000000
000000000000000000000000000000
000000000000000000000000000000
000000000000000000000000000000
000000000000000100000000000000
000000000000000100011110000000
000000000000000000011110000111
000000000000000000000100000111
000000000000000000000000000000
000000000000000000000110000000
000000000000000000011110000000
000000000000100000001100000000
000000000001110000001010000000
000000000000100000011110000000
000000000000000000111100000000
000000000000000101110000000000
000000000000000000000000000000
000000000000000000000000000000
000000000000000000000000000000
000000000000000000110000000000
000000000000000000110000000000
000000000000000000000000000000
000000000000000000000000000000
000000000000000000100000000000
