101000000000000000001010110000
000000000000000000000000000000
000000000000000000000000000000
010100000000000011000000011000
011100000000000011000000011000
101100000000000111100000000000
000000000000111111011000000000
000000000000111101111000000000
000000110000111101111000000000
111111111010011001111000000000
001110010100011111111000000001
001110011000001111110000000001
001011101100001111110000000000
011011010011001001111000000000
011111101111111100111100000000
000110011111111100011100000000
011000000000111101111100000000
011000000000111111111010000000
011000000000011101110111111100
000000000000011111100011011000
000000000000011110000000000000
000000000000011000000000000000
000000000000001000000110001100
000000000000000100001110000000
000000000000000000001110000000
010000000000000000000000000000
101000000000000000000000000000
010000000000000000000000000000
001000000000000000000000000000
010000000000000000000000000000
