000000000000000000000000000000
000000000000000000000000000000
000000000000000000000000000000
000000000000000000000000000000
000000000000000000000000000000
000000000000000000000000000000
000000000000000000000000000000
000000000000000000000000000000
000000000000000000000000000000
000000000000000000000000000000
000000000000000000000000000000
000000000000000000011000000000
000000000000000001111111111000
000000000000011111111101111000
000000000000001100011000011100
000000000000011000111000011100
000000000000110000111000011100
000000000000110000111000011000
000000000001110000111000111000
000000000001110000111001110001
000000000001110000111111110000
000000000000100000111011111000
000000000000000000111000111000
000000000000000000110000011100
000000000000000000110000011100
000000000000000001110000001100
000000000000000001110000011100
000000000000000011100000011000
000000000000001111100000100000
000000000000011111111111000000
