000000000000000000000000000000
000000000000000000000000000000
000000000000000000000000000000
000000000000000000000000000000
000000000000000000000000000010
000000000000010111111111110000
000000000000001111111111111000
000000000000001110000011111000
000000000000001110000000111000
000000000000001110000000011000
000000000000001111000000111000
000000000000011110000000111000
000000000000011100011011110000
000000000000111111111111100000
000000011110011111111111100000
000000111110011111111011100000
000000000000111000000001111000
000000000000111000000000111000
000000100000111000000000111000
000001110000111000000001111000
000000100000111000000001110000
000000000001111100000111110000
000000000001111111111111100000
000000100000111111111110000000
000000000000000000000000000000
000000000000000000000000000000
000000000000000000000000000100
000000000000000000000000000110
000000000000000000000000000010
000000000000000000000000000001
