000010000000100000110011001000
000000000000000000000000000000
000000000000000000000000000000
000000000000000000000001100000
000000000000000110000001100000
000000000000000000000000100000
000000000000000000000000000000
000000000000111000011000000000
000000000000011000011110000000
000000000000011000000110000000
000000000000011000000110000000
000000000000011000000110000000
000000000000011001100110000000
000000000000011001111110000000
000000000000011101111100000000
000000000000011000011110000000
000000000000011000001011000000
000000010000011000000001000000
000000000000011000000101000000
000000000000011000001011000000
000000000000011000001111000000
000000000000111000011110000000
000000000000000000010110000000
000000000000000000000000000000
000000100000000000000000000000
000001110000000000000000000000
100011011000000000100000000000
000000111000000000110000000000
000000000000000000110000000000
001000000100000101110000000000
