100000000000000000000000000000
000000000000000000000000000000
000000000000000000000000000000
000000000000000000011000000000
000000000000000000000000000000
000000000000000000000000000000
000000000000000000000000000000
000000000000000000000000000000
000000000100111111111100000000
000000000111111111111110000000
000000000011111111110111000000
000000000011111111111111100000
000000000011100101001011100000
000000000011100000000111100000
000000000011100000011111000000
000000000011100111111110000000
000000000011111111111110000000
000000000111111111111111100000
000000000011111111111111110000
000000000001111111111111110000
000000000001100110011001110000
100000000001100000000001110000
100000000001100000000001110000
100000000001110000000011100000
100000000011111100111111100000
100000000011111111111111000000
000000000000000111111100000000
000000000000000111110000000000
000000000000000000000000000000
000000000000000110000000000000
