000000000010001000100110000000
000000000110010000000000000000
000000000111111011000010000000
000000000010010111000010000000
000000000000011101100010000000
000000000000011111110100000000
000000000000000011101010000000
000000000100011111111110000000
000000000000011010011110011000
000000000000011001111111011101
000000000011011111011111101111
000000000011011011001111001101
000000000000011011100110000011
000000000000011101111110000011
000000000000111111111111000001
000000000001111111111111000001
000000000010111010011011000111
011100000111111110110010011101
101100100111111111111101111111
111101010100111010011111000111
001111111011111011111111000011
011001111101111111111111101110
101000001100010011100111111111
000000000000000000001111110010
000000000000000000001110000000
000000000000000000110110000000
000000000000000001011010000000
000000000000000001111111000000
000000000000000001000011000000
000000000000000010000011000000
