000000000110000000000000000000
000000000000000000000000000000
000000000000000001000000000000
000000000000000010000111100100
000000000000000110000111111110
000000000000011111111100011110
000000000000111111111110000000
000000000001111000000111000000
000000000001111000000011100000
000000000000111000000011100000
000000000000110000000011100000
000000000000111000000011100000
000000000000111000001111000000
000000000001111111111111000000
000000000010111111111111100000
000000000001111000000111100000
000000000000111000000001110000
000000000000111000000001110000
000000000000111000000001110000
000000000000111000000001110000
000000000000111000000011110000
000000000000111000000011110000
000000000000111111111111100000
000000000000011111111110000000
000000000000000000000000000000
000000000000000000000000000000
000000000100000000000000011000
000000001100000000000000011000
000000000000000000000000000000
000000000000000000000000000000
