000000000000000000000000000000
000000000000000000000000000000
000000000000000000000000000000
000000000000000000000000000000
000000000000000000000000000000
000000000000000000000000000000
000000000000000000000000000000
000000000000000000000000000000
000000000000000000000000000000
000000000000000000000000000000
000000000000000000000000000000
000110000000000000000000010000
000110000000000000000000110000
000000000000000000000000101000
000000000000000000000000000100
000000000000000000000000001000
000000000000000000000000000000
000000000000000000000000000000
000000000000000000000000000000
000000000000000000010000000000
000000000000000000011001100000
000000000000000000000001110000
000000000000000000000000110000
000000000000000000000000000000
000000000000000000000000000000
000000000000000000000000000000
000000000000000000000000000000
000000000000000000000000000000
000000000000000111000000000000
000000000000001111111100000001
