000000000000000000000000000000
000000000000000000000000000000
000000000000000000000000000000
000000000000000000000000000000
000000000000000000000000000000
000000000000000000000000000000
000000000011111000000000000000
000000000011111000000000000000
000000000001111000000000000000
000000000000111000011100000000
000000000001110111111100000000
000000000000111111111110000000
000000000000111111011111000000
000000100001111100001111100000
000000000001111000000011100000
000000000001111000000111110000
000000000000111100000011100000
000000000001111000000011100000
000000000010111100000111100000
000000000001111110001111000000
000000000011111111101110000000
000000000011111111111100000000
000000000000000000000000000000
000000000000000000000000000000
000000000000000000000000000000
000000000000000000000000000000
000000000000000000000000000000
000000000000000000000000000000
000000000000000000000000000000
000000000000000000000000000000
