000000000000000000000000000000
000000000000000000000000000000
000000000000000000000000000000
000000000000000000000000000000
000000000000000000000000000000
000000000001100000000000000000
000000000001100000000000000000
000000000001100000000000000000
000000000001100000000000000000
000000000001100000000000000000
000000000001100111111000000000
000000000001111111111100000000
000000001101111110111110000000
000000000101111000001110000000
000000000011110000000111000000
000000000001110000000111000000
000000000001100000000111100000
000000000011100000000111000000
000000000111100000110111000000
000000000110100000000111011000
000000000001010000001111011000
000000000001111100011110000000
000000000001111111111100000000
000000000000101111110000000000
000000000000000000000000000000
000000000000000000000000000000
000000000000000000000000000000
000000000000000000000000000000
000000000000000000000000000000
000000000000000000000000000000
