000000000000000000000000000000
000000000000000000000000000000
000000000000000000000000000000
000000000000000000000000000000
000000000000000000000000000000
000000000000000000000000000000
000000000000000000000000000000
000000000000000000000000000000
000000000000000000000000000000
000000000000000000000000000000
100000000000000010000000000000
110000000000000100000000000000
111000000000000100000000000000
111000000000000000000000000000
111000000000000000000000000000
110000000000000000000000000000
110000000000000000000000000000
110000000000000000000000000000
110000000000000000000000000000
000101000000000000000000000000
101010111100000000000000000000
111101110101111000000000000000
110000000011111101000000000000
000000000000000000000000000000
000000000000000000000000000000
000000000000000000000000000000
000000000000000000000000000000
000000000000000000000000000000
000000000000000000000000000000
000000000000000000000000000000
