110100000001110000000000000000
010010000010000000000000000000
000000000001111000000000000000
000000000001111100000000000000
000010000001111100000000000000
000111000011111000000000000000
000011000011111000000000000000
000001000011111000000000000000
001100000001111000000000000000
011110000001111000000000000011
011001000001111100011000000011
000000100001111111111100000001
000001000001111111111110000001
011001100001111111111110000000
011111000001111111111111000000
010100000001111001001111000000
011000000111111000111111000000
000000001111111100011111000000
000000000111111010011111000000
000000000011111100011110000000
000000001101111100011111000000
100000011101111101111111000000
000000001001111111111100000000
000000000001111111111000000000
110000000001111111110000000000
110110000011111111100000000000
011110000001111111000000000000
111010000001111110011000000000
111100000000001000011000000000
001101000000000101010000000000
