000000000000000000000000000000
000000000000000000000000000000
000000000000000000000000000000
000000000000000000000000000000
000000000000000000000000000000
000000000000000000000000000000
000000000000000000000000000000
000001111000000000011100000000
000011111100000000111100000000
001100011000000001100000000000
001100000000000010100000000001
011000000000000111100000000110
011000000000000111100000000100
010000000000001110000000000000
000000000000001100000000000000
100000000000011100000000000000
110000000000011100000000000000
110000000000011000000000000000
110000000000011000111000000000
110000000000011001111100000000
110000000000011011001110000000
110000000000011011011110000000
100000000000111111011110000000
100000000000111111101100000000
100000000000111000011100000001
100000000000111000001100000001
000000000000111000011000000000
000000000000111000010000000000
000000000000111000000000000000
000000000000111111000000000000
