000000000000000000000000000000
000000000000000000000000000000
000000000000000000000000000000
000000000000000000000000000000
000000000000000000000000000000
000000000000000000000000000000
000000000000000000000000000000
000000000000000000000000000000
000000000000000000000000000000
000000000000000000000000000000
000000000000000000000000000000
000000000000011000000000000000
000000000000111000000000000000
000000000000111000000000000000
000000000000111000000000000000
000000000000111000000000000011
000000000000111000000000000001
000000000000111111111000000000
000000000000111111111100000000
000000000000111111011110000000
000000000000111100001110000000
000000000000111100001110000000
000000000000111000001110000000
000000000000111000001110000000
000000000000111000001110001110
000000000000111000001110011100
000000000000111100111111000000
000000000000111111111110000000
000000000000011111110000000000
000000000000000110000000100000
