000000000001100000000000000000
000000000001100000000000000000
000000000000000000000000000000
000110000000000000000000000000
000011000000000000000000000000
000001110000000000000000000000
000000110001100000000000000000
000000000001110000000000000000
000000000000100000000000000000
000000000000000000000000000000
000000000000000000001000000000
000000000000000000000000011100
000000000000110111000000011110
000000000000110011100000110100
000000000000110001110000000000
110000000000100000110000000000
110000000001100000010000000000
000000000000110001011000001000
000000000001100011110100010000
000000000001000001011000011000
000000000000000000110000001100
000000000000100000100000000000
000000000000000000000000000000
000000000000000000000000000000
000000000000000000000000000000
000000000000000000000000000000
000000000000000000000000000000
000000100000001100000000000000
000000000000000000000000000000
000000000000000000000000000000
