000000000000000000000000000010
000000000000000000000000000001
000000000000000000000000000000
000000000000000000000000101000
000000001100000000000000010001
000000000000000000000000000001
000000000000000000000000000000
000000000000000000000000000000
000000000000000000000000000000
000000000000110000000000000000
000000000001111000000000000000
000000000001111000000000000000
000000000001111000000000000000
011111111111111100000000000001
011111111111110100000000000001
000000000001111001111000000000
000000000001111111111000000000
000000000001111111111100000000
000000000001111111111110000000
000000000001111110111111000000
000000000001111100001111000000
000000000001111000001111000000
000000000001111000000111100000
000000000001111000000111100000
000000000001111100001111000000
000000000011111000011111000000
000000000001111101111111000000
000000000001111111111110000000
000000000001111111111100000000
000000000001111111111000000000
