000000000000011100010000000000
000000000000001100000000000000
000000000000111100000000000000
000000000000111110000000000000
000000000000110101000000000000
000000000000010010100000000000
000000000001111111100000000000
000000000011111111000000000000
000000000011111000000010000000
000000000001111000000111111100
000000000001111000011111111000
000000000000111000011011000000
000000000000111000000111000000
000000000000111100111111100000
000000000000111000111100110000
000000000000111000011111100010
000000000000111100011111111111
000110000000111110011111111100
000011010101111111001110011000
011001111111111100101110000000
111111101000111101101110000001
000010010000111101101111000001
000011000000111000111111100000
000001000000111100011110000000
000000000000111101111100000000
000000000000111111111000000000
000000000000010011000000000000
000000000000000110000000000000
000000000000000000000000000000
000010000000000000010000000000
