000000000000000000000000000000
000000000000000000000000000000
100000000010000000000000000000
000000000001000000000000000000
000000000000100000000000000000
000000000001110000000000000000
000000000001111000000000000000
000000000001111100000000000000
000000000011111001000000000000
000000000001111001101100000000
000000000001111001100000000000
111000000001111011000000000000
110110000001111111111000000000
110010000001111111111100000000
000000000001111111111110000000
000000000011111101111011000000
000000001001111000001110000000
000000111001111100011110000000
000001101001111010111110000000
000001100001111110111110000000
000001110001111101111110000000
000000100001111100111110000000
000000000011111111111100000000
000000110001111111111100000000
000001110001111111111000000000
000001100000100000000000000000
000001000000000000000000000000
000001000000000000000000000000
000000000000000000000000000000
000000100000011001000000000000
