000011100001110111111111111111
000011000000100001011011100000
000001101100000001000001010111
000011101100000001100000101011
000011111000000000000001010111
000011011000000000000000001101
000011111111000010001000011111
000001100110000001011111111011
000000000100111001111111111111
100001000011111101111111111101
111011101111101111111110111100
110001111111111111110001111101
110100111101111111100001111111
111111111111111111111111110110
111111111111111111011011100000
101011110111111110111111000000
101001111111110001101101000000
011111101011111011101101111000
001111000111110111101111011000
001110000011111111111111001100
001000000001111011111010000110
000000000101111111001100000111
011001000111111111111010011111
111111100100111111111111111111
000011000111101111111111111111
000110101101111111111111111111
110011010100111011111111111111
111111110111111110101110111011
111011111110111111001011001001
111011110011111110101110101111
