000001000100000000000000000000
000000000000000000000000000000
000000000000000000011000000000
000000000000000000011000000000
000000000000000000010000000000
000000000000000000001000000011
000000001000001111111100000110
000000010000011111111110000100
000000110000011111111111001110
000001110001111111111111000011
000001110001111110001111000011
000000000001111110001111010111
000000000001111100001100111111
000011000001111001100111110011
000011001011111001101101100111
000000000101111110000000000010
000000001011111111000000000000
011110000001111000111110000001
011101000001111001101111111101
001101000001111001100111111111
000011000111111100111111100111
000000001010111111111111100100
000000001100011111111110001100
000000000000001111111110000000
000000000000000111111100000000
000000000000000011100000000000
000000000000000111100000000000
000000000000000110000000000010
000000000000001100000000000110
000000000000000100010000000110
