000000000100000000000100000000
000000000000000000000000000000
000000000000000000000000000000
000000000000000000000000000000
000000000000000000000000000000
000000000000000100000000000000
000000000000001100000000000000
000000000000001111111111000000
000000000000011111111111100001
000000000000111110011111110000
000000000001111100001111101100
000000000001111100000011011100
000000000001110100000000011000
000000000001110000000000001000
000000000011110000000000111000
000000000011110000000000110000
110000000111110000000000000000
110000000111111100000111100000
000000000011111111001111110000
000000000010111111001111100000
000000000110111111111111000000
000000001110001111111110000000
000000000100000000000000000000
000000000000000000000000000000
100110011000000000000000100000
100110111100011000001111111000
001100010100011100001110011100
111111111111111100000100011101
110101110000110110101110011111
000010100000101001010110001100
