001000000000011100000001000010
000000000000000000011110000100
000000000000000000011100000100
000000000000000000101010001100
110000000000011111111111111101
010000000000101111001111111011
110000000000111111110011110001
110000000000111111110001110000
111000000001111101110001110000
110000001101111111000010110001
000000011001110111100011110000
000000111011110000100101110000
001110111111110001011111100001
001110001111110011101111110001
001001001111111011111110000000
110101101111110000000110000000
111011000001110000000000110000
100000000011111000000000111000
000000000101111000000000110000
000000001000111100000001100000
000000010001011110000001111000
000000001011011111111111110000
001111101111111111111111010000
111111111000000000110000000000
100001010000000000000000000000
000001100000000000000000000000
000000000000000000000000000000
000000000000000000000000000000
000010000000000000000000000000
000111010000000000000000000000
