111100000000000000000010000000
000000000000000000000000000000
000000000000000000001000000000
000000000000001111111100010000
000000000000000111011111111100
000000000000000011001110111100
000000000000001000000000000110
000000000000011000000000000000
000010000000110000000000000000
000001000000110000000000000000
000000000111110000000000000000
100000000111100000000000000000
110001100001100000000000000000
010001100001100000000000000000
111001100001100000000000000000
010000000001100000000000000000
000000000001110000000000000000
000000100000110000000000000000
000001110001111000000000000000
100000111111011000000000000000
000001111111111111100011110000
001111100000000111100011110001
000111000000000011111111100000
000000000000000001111110000000
000000000000000001000000000000
000000000000000001000000000000
000000000000000000000000000000
000000000000000110110000000000
000000000000000110110000000000
000000000000010011110000000000
