000000000000000011000000000000
000000000000000000000000000000
000000000000000000000000000000
000000000000000000000000001101
000000000000000000000000001100
000000000001100000000000000000
000000000001110000000000000000
000001100000000000011000000000
000010000000000100011000000000
000000000000010000000000000000
000000001100000000000000000000
000000001000000000000000000000
000000000000000000000000000000
000000000000000000000000000000
111000000001000000000000000000
011111000011100001110000000000
000011000011000000110000000000
000000000001000000000000000000
000000000001100000000000000000
000000000001100000000000000000
000000000000110000000000000000
000000000000110000000000000000
000000000000011000000000000000
000000000000001000000000000000
000000000000000000000000001000
000000000000000000000000011100
000000000000000000000000011001
000000000011000000000000000001
000000000011000000000000000000
000000010011000000000000000000
