000000000000000000000000000000
000000000000000000000000000000
010000000000000000000000000000
000000000000000000000000000000
000000000000000000000000000000
000000000000000000000000000000
110000000000000000000000000110
000000000000000000000000000100
000000000000000000000000000000
000000000000000000000000000000
000000000000110000000000000000
000000000000010000000000000000
000000000000000000000000000000
000000000000000001111110000000
000000000000000011111111000000
000000000000001111010111100000
000000000000011111111111100000
000000000000111111100000000000
000000000000111100000000000000
000000000001110000100000000000
000000000001110001100000000000
000000000001110000000000000000
000000000001110000000000000000
000000000001110000000000000000
000000000001110000000011000000
000000000001111000000111000000
000000000001111100000111000000
000000000000011111111111000000
000000000000001111111110000000
000000000000000111111100000000
