000000000000000000000000000000
000000000000000000000000000000
000000000000000000000000000000
000000000000000000000000000000
000000000000000000000000000000
000000000000000000000000000000
000000000000000000011100000000
000000000000000011111111000000
000000000000000011111111100000
000000000000000111100011100000
000000000000010111100011100000
000000000000011100000001000000
000000000000101100000000000000
000000000001111000000000000000
001100000000111000000000000000
000000000000111000000000000000
000000000000111000000000000000
000000000000111001100011000000
000000000000010111000011100000
000000000000111100000111100000
000000000000011000000111000000
000000000000011110001110000000
000000000000000111111110000000
000000000000000111111100000000
000000000000000011110000000000
000000000000000000000000000000
000000000000000000000000000000
000000000000000000000000000000
000000000000000000000000000000
000000000000000000000000000000
