110110000011100000100110010100
011110000000000000000001100001
001111110010000000000001100000
000000110011001000000000110001
000000110011001100000001110000
000001100000001000010011100010
000000000000000001101111100111
000000000001100011100111010001
000000000011110100000000001000
000000000001101100000000001000
000000000011110111100110011101
000000000111111111111111011001
111101001111101001111110011001
111000000101101000000000001000
111000001111010000000000000001
111000001111110000000000001001
110000000100111000000000000000
111000001100110110000000000000
110100011101110110001110000000
111111011010100000011110000000
101011111111100000010001000000
010101110111110000100000000000
001001110010101100111000000000
000001100000011100011000000000
000011101100011000000000000000
110011111100001000000000000000
000111011100001000000000000000
000011101000110000000000000000
000001100100110000000000000000
000001000111110000000000000000
