000000000000000000000000001000
000000000000000000000000000000
000000000000000000000000000000
000000000000000000000110000000
000000000000000000000000000000
000000001000000000000000000000
000000000000000000000000000000
000000000000000000000000011000
000000000000000100000000111000
000000000000111011000000010000
000000000001111011000000000000
000000000011110111100000000000
000000000011100111110000000000
000000000011000000110000000000
000000000011100000100000000000
000000000011010001000000100000
000000000011100000000001000000
000011111010111100000000000000
000011111101111100000010000000
000000000000010000000111111000
000000000000000000001000000001
000000000000000000000000000000
000000000000000011100000000000
000000000000000001000000000000
000000000000000000000000000000
000000000000000000000000000000
000000000000000001000000000000
000000000000000000000000000000
000000000000000000000000000000
000000000000000000000000000000
