000000000000000000000000000100
000000000000000000000000000000
110000000000000000000000000101
100000000000000000000000001111
000000000000000000000000000110
000000000000001100000000000011
000000000000111111000000000000
000000000001111111100000000000
000000000001111111100000000110
000000000001111011100000000110
000000000001110000000000000000
000000000001110000000000000000
000000000001110000000000000000
000000000001110000000000000000
000000000001110000000000000000
000000000001111000000000000000
000000000001111111111000000000
000000000001111111111100000000
000000000000111111011000000000
000000000000001100011100000000
000000000000000000011100000000
000000000000000000011000000000
000000000000000000000000000000
000000000000000000000000010000
000001000000000000000000110000
000011000000000000000000100000
000011000000000000000000000000
000011000000000000000000000000
000010000000000000000000000000
000000000000000000000000000000
