000000000000000000000001010000
000000000000000000000000100000
000000000000000000000000100000
000000000000000000000001000000
000000000000000000000011100111
000000000000000100000011000010
000000000000011111000000001100
000000000000111111110000011100
000000000001111111110000011000
000000000001111011100011100000
000000000001110001000011000000
000000000001110001110101100000
000000000001110001111011000000
000000000001110000110011000000
000000000001111000000011100000
000000000001110110000011000000
000000000001101111100111000000
111011000000111111101110001001
111111000000111111001100000001
111111000001111110100111100111
011100000000111111111111100111
001000000000001011001011000000
000000000000000000000000000000
000000000000000000000000000000
000000000010000000000001000000
000011001100000000000000011100
000000001100000000000000001100
000000000000000000000000001000
000000000000000000000001001100
000000001000000000000000101110
