000000000000000000000000000000
000000000000000000000000000000
000000000000000000000000000000
000000000000000000000000000000
000000000000000000000000000000
000000000000000000000000000000
000000000000000000000000000000
000000000000000000000000000000
000100000000000111111000000010
001110000000000111011100010011
001110000110001000000001101111
000110000011011100000001111111
010000000001011111110001100111
011000000001110011111000011110
111000010011000111011100011001
110000011011100010001000000001
011000001111000000000000000000
011011111011000000000000000000
111111110111000000000000000000
110011100101000000000000000000
010001011111100000000000000000
111100000111100000000000000000
101100000101100000000000000000
000000000000000000000000000000
111110000000000000000000000000
110111011110000000000000000000
110110111110000000000000000000
111001111110001100000000000000
111111111101001110000000000000
111110111111111110011100000000
