000000000000000000000000000000
000000000000000000000000000000
000000000000000000000000000000
000000000000000000000000000000
000000000000000000000000000000
000000000000000000000000000000
000000000000000000000000000000
000000000000000000000000000000
000000000000000000000000000000
000000000000000000000000000100
000000000000000000000000000000
000000000000000001111110110000
000000000000000111111111110000
000000000000001111000001110000
000000000000011100000001110000
000000000000011100000001100000
000000000000011000000000000000
000000000000111000000000001000
000000000000111100000001110000
000000000000011100000111110000
000000000000011111111111000000
000000000000010111111111000110
000000000000001000000000000000
000000000000000000000000000000
000000000000000000000000000000
000000000110000000000000000000
000000000100000000000000000000
000000000000000000000000000000
000000000000000000000000000000
000000000000000000000000000000
