000000000000000000000000000000
000000110000000000000000000000
000000110000000000000000000000
000000011000000000000000000000
000000010011000000000000000000
000000000011000000000000000000
000000000011000000000000000000
000000000000000000001000000000
000000000000000000000000000000
000000000000000000000000000000
000000000000000011111000000000
000000000000001111111100000000
000000000000011110001110000000
000000000000011000000110000000
000000000000111000000000000000
000000000000110000000000000000
000000000000110000000000000000
000000000001110000000000000000
000000000001110000000000000000
000000000000110000001000000000
000000000000111000011100000000
000000000000111000111000000000
000000000000111111110000000000
000000000000001111100000000000
000000000000000000000000000000
000000000000000000000000000000
000000000000000000000000000000
100000000000000001100000000000
100000000000000000000000000000
100000000000000000000000000000
