001101111111111111000000000000
001111010011111110000000000000
001111011111111100000000000000
111101111110101110000000000000
111011011111111111000000000000
001110111111111011000000000000
001110111111110110000000000000
001111011111111111000000000000
011111111111111111111111111001
111100111111110111111110111111
101011111111111111110011011111
011111111111111011111111111100
001110111110111111111111010000
001111111011111111111101110000
001111111111111111111110111000
111111111001111111111011111101
111111111111111011111111111011
111100111011111111111111011111
101111111111111111111111111110
111111111001111101111111101111
101111001111111110111111101011
111100011111111111111101111111
111100001101111111111111111111
000111001011111111111111110111
100111111111111111111111010000
111111011111111111111100100000
011111111110111110111000000000
011111111111111111000000000000
011111001011111111100000000000
011111100111011101000011010000
