000000000000000000000000000000
000000000000000000000000000000
000000000000000000000000000000
000000000000000000000000000000
000000000000000000000000000000
000000000000000000000000000000
000000000000000000000000000000
000000000000000000000000000000
000000000000000000000000000000
000000000000000001100000000000
000000000000000011110000000000
000000000000001111011110000000
000000000000011111111011000000
000001000000111011001111000000
100011100000110000000110000100
000001000000110000000000000000
000000000000110000000000000000
000000000000110000000000000000
000000000000110000000000000000
000000000000011100000010000000
000000000000001100111110000000
000000000000000000111100000000
000000000000000000000000000000
000000000000000000000000000000
000000000000000000000000000000
000000000001100000000000000000
000011000001110000000000000000
000000000001110000000000000000
000000000001100000000000000000
000000001101000000000000000000
