101011110000000000000000000000
110001000000000000000000000000
101110000000000000000000000000
001100110000000000000000000000
110100110000000000000000000000
111110100000000000000000000000
110101110000000000000000000000
111011110000000000000000000000
001111100000010001100000000000
001111100000011011110000001000
001101000110101111011001111110
100111101111111010111111101111
111111100111111111111111110111
111111111011111111111000111110
111111110001111111111000110110
111111110011111111111001111111
111100110001111101111110111110
111111100011111101110100111111
110101000111110111110101111100
001101111001111111111110111110
001101101011111110111101110111
000111010001111111111011111111
100011101101111111111110001111
110001001110111111110011111100
000000001111111111111001111100
000000000111101111110000111100
000000000011100111000000000000
000000000011110110000000000000
000000000111110110000000000000
000000001110111001000010011001
