000000000000000000000000000000
000000000000000000000000000000
000100000000000000000000000000
000110000000000000000000000000
000001000000000000000001000000
000001000000000000000000000000
000010000010000000000001000000
000000000000000000000000000000
000000000000000000000000000000
000000000000000000000000000000
000000000000000000000000000000
000000000000001100100000000000
000000000000000100100000000000
110000000000000000000000000000
110000000000000000000000000000
000000000000000000000000000000
000000000000010000000000000000
000000000000101000000000000000
000000000000110000000000000000
000000000001110000000000000000
000000000001100000000000000000
000000000011000000000000000000
000000000111100011100000000000
000000000011000011100000000000
000000000001000000000000000000
000000000000000000000000000000
000000000000000000000000000000
000100000000000000000000000000
000000000000000000000000000000
001000000000000000000000000000
