000000000000000000000000000000
000000000000000000000000000000
000000000000000000000000000000
000000000000000000000000000000
000000000000000000000000000000
000000000000000000000000000000
000000000000000000000000000000
000000000000000000000000000000
000000000000000000000000000000
000000000000000000000000000000
000000000000000000000000000000
000000000000000000000000000000
000000000000011100000000000000
000000000000111100000000000000
000000000001100000000000000000
000000000001100000000000000000
000000000001100000000000000000
000000000001100100000000000000
000000000001111100000000000000
000000000000111000000000000000
000000000000000000000000000000
000000000000000000000000000000
000000000000000000000000000000
000000000000000000000000000000
000000000000000000000000010000
000000010000000000000000000000
000000101111111111111000000000
000000011111111111111000000000
000000000000000000000000000000
000000000000000000000000000000
