000000000000000000000000100000
000000000000000000000000000000
000000000000000000000000000000
000000000000000000000000000000
000000000000000000000000000000
000000000000000000000000000000
000000000000000000000000000000
000000000000000000000000000000
000000000000000011000000000000
000000000000000010000000000000
000000000000001110000000000000
100000000000001111110000000000
100000000000100111111000000000
000000000001111101111100000000
000000000001111101111100000000
000000000001111100111000000000
000000000011111100000000000000
000000000001111100000000000000
000000000001111100000000000000
000000000001111100000000000000
000000000001111100011100000000
000000000001111100111100000000
000100000001111100111100000000
000000000001111101111100000000
000000000000111111111000000000
000000000000011111110000000000
000000000000001111100000000000
000000000000000000000000000000
000000000000000000000000000000
000000000000000000000000000001
