000000000000000000000000000000
000000000000000000000000000000
000000000000000000000000000000
000000000000000000000000000000
000000000000000000000000000000
000000000000000000000000000000
000000000000000000000000000000
000000000000000000000000000000
000000000000000000000000000000
000000000000000000000000000000
000001100000000000000000000000
000000000000000000000000000000
000000000000000000000000000000
000000000000001100110000000000
000000000000111100111000000000
000000000001111000111000000000
000000000001110000010000000000
000000000001110000000000000000
000000000001110000000000000000
100000000001110000000000000000
110000000001111000000000000000
000000000011110000000000000000
000000000011110000000000000000
000000000001111000000000000000
000000000000111100010000000000
100000000000011110111000000000
100000000000000001000000000000
000000000000000001000000000000
000000000000000011100000000000
000000000000000011100000000000
