000000000000000000000000000000
000000000000000000000000000000
000000000000000000000000000000
000000000000000000000000000000
000000000000000000000001000000
000000000000000000000001100000
000000000000000000000000000000
000000000000000000000000000000
000000000000000000000000000000
000000000000000000000000000000
000000000000000000000000000000
000000000000000000000000000001
000000000000001111111000000000
000000000000011111111100000010
000000000000011110011110000010
000000000000000000001100000000
000000000000000000000000000000
000000000001100000000000000000
000000000001110000000000000000
000000000001110000000000000000
000000000000110000001100000000
000000000000111000011110000000
000000000000111111111110000000
000000000000011111111100000000
000000000000001111110100000000
000000000000000000001000000000
000000000000000000001000000000
000000000000000000000000000000
000000000000000000000000000000
000000000100000000000000000000
