000000001100000000000000000000
000000000000000000000000000000
000000000000000000000000000000
000000000000001100000000000000
000000000000000000000000000000
000000000000000000000000000000
000000000000000000011100100000
000000000000000000001111010000
000000000000000000000001111000
000000000000000000000000111000
000000000000000000000011111000
000000000000000011110111100000
000000000000001111100011100000
000000000000011110000011100000
000000000000011000000001100000
000000000000011100000011100000
011111000000111100000101000000
111111000000110000000011000000
000100000000110000000011000000
000000000000011000001111000000
000000000000011110111111100000
000000000000001111110011110000
000000000000000111100011100000
000000000000000001000000000000
000000000000000000000000000000
000000000000000000000000000000
000000000000000000000000000000
000000000000000000000000000000
000000000000000000000000000000
000000000000000100100000000000
