010100000000000001100100001000
111100000000000001000000011000
000111110000000000001100011000
000011111100010000001110110000
000011001110110000011101111000
000000000000011101011011011100
000000000000000001110111101000
101100000000000000111111110000
111110000111011111011100111000
100010000111111111110010101111
000000001100011011011111111111
001100000000000011111100000011
001100000000000001111110000011
000000000000001101111100000001
000000000000001100011111000011
000000000000011000111111000011
000000000000111000011111000111
000000000000110101100011101111
000000000000111111111000011101
000000000001111110011000011011
000000000011111111111100110001
000000000011101110011111100000
000000000011101000111111100000
000000000011110000111110000000
000000000011100000011100000000
000000000011110000111100000000
000000000011110011111100000000
000000000011111111111100000000
000000000001111111101000000000
000100000000001110010000000000
