000000000000000000000000000000
000000000000000000000000000000
000000000000000000000000000000
000000000000000011111100011000
000000000000000011111100011000
000000000000000001111100010000
000000000000000000011100000000
000000000000000000011100000000
000000000000000000011100000000
000000000000000000111110000000
000000000000000001011110000000
000000000000011111111110000000
000000000000111111111101000001
000000000001111000111111100001
000000000001110000111110110000
000000000011100000111100000001
000000000011110001111100000010
000000000011110011111100000000
000000000001100110011100000000
000000000001100110011100000000
000000000001110111111100000000
000000000000111111111100000000
000000000000111111111100000000
000011000011111000011000000000
000011000001100000000000000000
000000000001100000000000000000
000000000000000000000000000000
000000000000000000000000000000
000000000000000000000000000000
000000010000000000000000000000
