000000000000000011000100100000
000000000000000000000000000000
000000000000000000000000000000
000000000000000000001000000000
000000000000000000000000000000
000000000000000000000000101100
000000000000000000000111111000
000000000000000000001111000000
000000000000000000000111000000
000000000000000000001111000000
000000000000000000001111000000
000000000000000000001111000000
000000000000001111111110000000
000000000000011111111110000000
000000000000111111111110000000
000000000000111110111110000000
000000000000111000011110000000
000000000001111000011100000000
000000000001110000011100000000
000000000001110000011100000000
001100000001111000111100000000
000000000001111011111100000000
000000000001111111111100000000
000000000001111111111100000000
000000000000111111111100000000
000000000000001110000000000000
000000000000000000000000000000
000000000000000000000000000000
000000000000000000000000000000
000001100010000001000000000000
