000000000000000000000000000000
000000000000000000000000000000
000000000000000000000000000000
000000000000000000000000000000
000001100000001100000000000000
000000000000001100000000000000
000000000000000000000000000000
000000000000000000000000010000
000000000000000000000000111000
000000000000000000000000111000
000000000000000000000000110000
100000000000000000000001100000
100000000000000000000011000000
100000000000000000000011000000
000000000000000000000110000000
000000000000000000001100000000
000000001000000000011000000000
000000000011100000111000000000
000000000001100000110000000000
000000000001100001110000000000
000000000001100011100000000000
000000000010100011000000000000
000000000010011111000000000000
000000000011001010000000000000
000000000001000000000000000000
000000000000000000000000000000
000000000000000000000000001100
000000000000000000000000001100
000000000000000000000000000000
000000000000000000000000000000
