000000000000000000000000000100
000000000000000000000000000000
000000000000000000000000000000
000000000000000000000000000000
000000000000000000000000000000
000000000000000000000000000000
000000000000000000000100000000
000000000000000000001110000000
000000000000000000001100000000
000000000000000000011100000000
000000000000000000001110000111
000000000000000000011101011111
000000000000001111101111111100
000000000000011111111111111011
000000000000111101111111111111
000000000001111000011000011101
000000000001110000011000101000
000000000001100000111001110000
000000000001100000111001100000
000000000001111001111100000000
000000000001110011111000000000
000000000001000010110000000000
000000000000111011110000000000
000000000000111111110000000000
000000000000011111110000000000
000000000000000000000000000000
000000000000000000000000000000
000000000000000000000000000000
000000000000000000000000000000
000000000000000010000000000000
