010111000000000000111110000000
111000000000000000110100000000
100000000000000000110000000000
100000000000000000100000000000
100000000000000001100000000000
100000000000001001100000000000
000000000000001101000000000000
000000000000001011000000000001
000000000000000111000000000011
000000000000000111100000000110
000000000000101111100000011000
000000000001111111000000000000
000000000001111110000010000000
000000000011101111000101011000
000000000111101111111010110100
000000000010101111110000000000
000000110111011111100000000000
000100110011110111000000110000
000000111110111111000001100000
000001111100001100000000000000
000000110000000000000000000000
000001000000000000000000000000
100001100000000000000000000000
000001000010000000000000000000
000000000001000000000000000000
000000000000110000000000000000
000000000000000000000000000000
000000000000000000000000000000
000000000000000000000000000000
000000000000000000000000000000
