000000000000000000000000000000
000000000000000000000000000000
000000000000000000000000000000
000000000000000000000000000000
000000000000000000000000000000
000000000000000000000000000000
000000000000000000111100000000
000000000000000001111110000000
000000000000000001111110000000
000000000000000111111110000000
000000000000111111111110000000
000000000001111111111110000000
000000000001111111111111001100
000000000001111101111111000000
000000000001111101111111000000
000000000011111101111110000000
000000000011111101111110000000
000000000011111101111110000000
000000000011111101111110000000
000000000011111101111110000000
000000000011111101111110000000
000000000011111101111110000000
000000000011111101111110000000
000000000011111101111110000000
000000000001111111111110000000
000000000001111111111110000000
000000000000111101111100000000
000000000000000000000000000000
000000000000000000000000000000
000000000000000000000000000000
