000000100000000000000000000000
000000000000000000000000000000
000000000000000000000000000000
000000000000000000000000000000
000000000000000000000000000000
000000000000000000000000000000
000000000000000000000000000000
000000000000000000000000000000
000000000000000000000000000000
000000000000000000000000000000
000000000000001110001100000000
000000000000001110001100000000
000000000000001110000100000000
000000000000111000011100000000
000000000000111000011100000000
000000000000111000011100000000
000000000000100000111000000000
000000000001100000110000000000
000000000001100001100000000000
000000000001100011001100000000
000000000001100111011100000000
000000000000110110001110000000
000000000000011100000100000000
000000000000000000000000000000
000000000000000000000000000000
000000000000000000000000000000
000000000000000000000000000000
000000000000000000000000000000
000000000000000000000000000000
000011000000000000000000000000
