000000000000100000000000000000
000000000000000000000000000000
000000000000000000000000000000
000000000000000000000000000000
000000000000000000000000000000
000000000000000000000010000000
000000000000000000000110000000
000000000000000000001110000000
000000000000000000001110000000
000000000000000000001100000000
000000000000000000001100000000
000000000000000000001100000000
000000000000001111101100000000
000000000000011111111100000000
000000000000111101111100000000
000000000000111000111100000000
000000000001110000011000000000
000000000001110000011000000000
000000000001100000011000000000
000000000001100000111000000000
000000000001100000111000000000
000000000001110001110000000000
000000000001111011110000000000
000000000001111111110000000000
000000000000011111100000000000
000000000000000000000000000000
000000000000000000000000000000
000000000000000000000000000000
000000000000000000000000000000
000000001000000000000000000000
