000000000000000000000000001100
000000000000000000000000000000
000000000000000000000000000000
000000000000000000000000000000
000000000000000000000000000000
000000000000000000000011101000
000000000000000000000011010000
000000000000000000000011111000
000000000000000000000001111000
000000000000000000000011111000
000000000000000111111111111000
000000000000001111111111110000
000000000000011111111111110000
000000000000111111011111110000
000000000001111110001111110000
000000000011111110000111110000
000000000001111100001111111000
000000000001111100000111101100
000000000001111010001111101100
000000000001111101001111100100
000000000001111111111111100100
000000000000111011111111000000
000110000000111111111111000000
000111000000011111101111000000
000000001100000001000000000000
000000001110000011000000000000
000000000000011111000000000001
000000000000000111000001000000
000000000000000000000011000000
000000000010100000100100110000
