000000000000000001111000011000
000000000000000000000011101101
000000000000000000000011011110
000000000000000000000011110111
000000000000000000000011110111
000000000000000000000011111111
000000000000000000000011110001
000000000000000000000111111111
000000000000000000001111110111
111000000000000000011111111001
011100000000011000011111111000
111110000000011100101111111000
011100000000001101111111110000
000000000000011111111111110000
000000000001111111111111111000
000000000001111111111111111101
001100111011111111101111111011
000111111111111110001111111101
000010001011110000011101111111
000000011011111100011111111011
100000011111111011011111111111
000000001011111111111111111111
000100000011111111111110111111
000000000001111111111000001111
000000000000111111100000000111
000001100000000110000000000101
000001110000100000000000000111
000000000000100001111100011101
000000000000000001111110111000
000000000000000000000001010000
