111111110101110000000000000000
011111110011000000000000000000
011001111111100000000000000000
001100101011100000000000000000
000111101110000000000000000000
101001111110000000000000111000
011000010001100000000001111100
000000000111100000000001111000
000000000111000000011101111000
000000011000001100111111111000
000000110110001111111111111000
000000111111101111111111111000
000000110101011111111111110000
000000111111011110111111110000
000000111111111111110111110000
000000111011111101101111110000
000000111111111100110111100000
000000101011111011001111100000
010001111010111110000111100100
001010111011111100011111111100
001101111111111110111111111110
100000110110111111111111110110
000001111110111111101111111101
000000000100001111111110001110
001100000000001110111000000000
101100000000001100100000000000
111000000000000000111000000000
001100000000000111011000000000
100110000000001111111000000000
100111000000001111110100000000
