000000000001000000000000000000
000000000000000000000000000000
000000000000000000000000000000
000000000000000000000000000000
000000000000000000000000000000
000000000000000000000000000000
000000000000000000000000000000
000000000000000000000000000000
000000000000000000000000000000
000000000000000000000011000000
000000000000000000000111100000
000000000000000000001111100000
000000000000000000011111110000
000000000000000000001111100000
000000000000000000001111100000
000000000000000000001111000000
000000000000001111111111000000
000000000000111111111111000000
000000000000111111111111100000
000000000001111110111111000011
000000000001111000011111000011
000000000011110000001111100000
000000000011110000001111000000
000000000011110000011111000000
000000000011111000101111000000
000000001111111001101111000000
001110000111111101111111000000
001100000001111111111111000000
000000000000111111111111000000
000000000000001111111111000000
