000000001001001100011011000000
000000000000001100000000000000
000000000000000100000000000000
000000000000001100000000000000
000000000000001100000000000000
000000000000001111000000000000
000000000000000111101100000000
000000000000011111111100000000
010000101111111110000000000000
110001010111111110000000000000
100011000000011110000000000000
110011000000011110000000000000
111001000000111110000000000000
111001101001111111000000000000
000001110111111111000000000000
000001101111011111000000000000
001110110111110011000000000000
000110100011101111000000000000
000001110011111111000000000000
110011110001111000000000000000
100001110001100000000000000000
110000100000000000000000000000
011000000000000000000000000000
001100000000000000000000000000
011000000000001100000000000000
010000000000001000000000000000
000000000000000000000000000000
011000000000000000000000000000
011000000000000000000000000000
011000000000000000001100000000
