000010000000001000000000000000
000000000000000000000000000000
000000000000000000000000000000
000000000001000000000000000000
000000000010000000000000000000
000000000000010000000000000000
000000000000001000000000000000
000000000000000000000000000000
000000000000000010000000000000
000000000000011111111000000000
000000000001111111111100000000
000000000011111001111110000000
000000000011111001101011000000
000000000001011100000111100000
000000000000111000000101100000
000000000000111100000011100000
000000000000111000000001111001
000000000000111000000001111000
000000000000110000000001110000
000011000000111000000011110000
010011000000111000000011100000
000000000000111000000111110000
000000000000111000001111000000
000000000000111101111111000000
000000000000111111111110000000
000000000000111111111000000000
000000000000011111100000000000
000000000000000000000000000000
000000000000000000000000000000
000000000000000010000000000100
