000000000001111111000000011000
000000000001111111100000000000
000000000001111111110000000000
000000000001110011110000000000
000000000011110001110000001111
100000000011111011111011111111
000000000001110001110011110000
000000000001110001110000000000
000000000001111011100000000000
000000000011110001100000000000
000000000001110001110000000000
000000000001110001110000000000
000000000001110001110000000000
000000000001110001110000000000
000000000001110001110000000000
000000000001110011110000000000
000000000001111111110000000000
000000000001111111100000000000
000000000011111111000000000000
000000000010000000000000000000
000000000000000000000000000000
000000000000000000000000000000
000000000000000000000000000000
000000000000000000000000000000
000000000000000000000010000000
000000000000000000000000000000
000000000000000000000000000000
000000000000000000000000000000
000000000000000000000000000000
000000000000000000000000000000
