000000001001100000000000000000
000000011001000000000000000000
000000011000100000000000000000
000000000001100000000000000000
000000000011100000000000000000
000000011101000000000000000000
000000011001100000000000000000
000000000000000000000000000000
000100000000000000000000000000
001100011000110000100000000000
000100011000110000100000000000
000000000000000001000110000000
000000000000000101111111111111
000000000001101111111101111111
100000000001111110011111101111
000000000001111011111000000011
001000000011111111111000000011
001110000111111010111000000001
001110000001111000111000000001
001100000000110000111000000001
001000000001110000111000000001
000000000011100000111000000001
000000000011000000110000001111
000000000000000000110000011111
000000000000000000111000010101
000000000000001111111000011111
000000000110010101111000011110
000000010110011111101111111110
000000000000011111111111010100
000000100000011111111111110010
