101111001011110010110110101111
100111001111101000111111111111
100111001001111101011101111101
010101111101011000111101110011
111111001011111100101111101101
110101110111111111111101001111
111111101101111111111110001101
111111111100111111111111001110
111111111101011110011111110100
101101011111111110001111111000
101101110111011110011111110100
111111111110111100100111101100
110111111110111111011011111100
111110010100111111111011111000
011100111101111010111111110000
001100111111111111111111111000
000000111101111111011111111100
000001111111111111111111111111
000001001011111111111111101101
000000000111111100110111101100
000000100111110111111111111100
000000111111111110011111110010
000000011011110101111111110001
111101111011111111111100110010
111111111111111111111111001111
000011111111111111111111111111
000001001101110100110111011111
000011100010100110111111011111
000011100110000110110011011111
000011111111011101011111111111
