000000000000000000000000000000
000000000000000000000000000000
000000000000000000000000000000
000000000000000000000000000000
000000000000000000000000000000
000000000000000000000000000000
000000000000000000000000000000
000000000000000000000000000000
000000000000000000000000000000
000000000000000000000000000000
000000000000000000000000000000
000000000000000000000000000000
000000000000000001111000111100
000000000000001111111000111111
000000000000011100011000001111
000000000000111000111000000011
000000000000110000111000000001
000000000000110000111000000001
000000000001110000111000000001
000000000001110000111000000000
000000000001110000111000000000
000000000001100000111000000001
000000000000000000111000000001
000000000000000000110000000001
000000000000000000110000000001
000000000000000001110000000011
000000000000000001110000000110
000000000000001111100000001100
000000000000011111111000111000
000000000000001111111111110001
