000000000000000000000000000000
000000000000000000000000000000
000000000000000000000000000000
000000000000000000000000000000
000000000000000000000000000000
000000000000000000000000000000
000000000000000110001100000000
000000000000001110001100000001
000000000000011111011111000001
000000000000011110001111110001
000000000000011110000111111011
000000000000111110000111110001
000000000000011100000011110000
000000000000111100000011110000
000000000000111100000011110000
000000000000111100000011110000
000000000000111100000011100000
000000000000111000000111100000
000000000000111000000111100000
000000000001111000000111100000
000000000011101000001111000000
000000000011011000111111000000
000000000011111111111110000000
000000000001111111111100000000
000000000000111111111000000000
000000000000000000000000000000
000000000000000000000000000000
000000000000000000000000000000
100000000000000000000000000000
000000000000000011000000000000
