000000000000001000000000000000
000000000000000000000000000000
000000000000000000000000000000
000000000000000000000000000000
000110000011000000000000000000
000000000011001000110000000000
000000000011011000110000000000
000000000001110000000000000000
000000000000100000000000000000
000000000000000000000000001000
000000000000000000000000000000
000000000000000000000000000000
000000000000000000000000000000
000000000000000000000000000000
000000000000001000000000000000
000000000000010000000000000000
000000000000110000000000000000
100000000000111000000000000000
000000000000001100000000000000
100000000010001100000000000000
000000000011001000000000000000
001000000110010000000000000000
000110000110000000000000000001
101010000000000000000000000011
010110000000000000000000000010
101100100000000000011100000110
000000000001100000011000000110
000000000001100100010000000000
000000000000000011100000000000
000101010011110010100001000000
