000000000000000000000000000000
000000000000000000000000000000
000000000000000000000000000000
000000000000000000000000000000
000000000000000000000000000000
000000000000000000000000000000
000000000000000011000000000000
000000000000000011000000000000
000000000000000010111100010000
000000000001111111111000111000
000000011111111111111111100000
000111111111111010000011100000
000111100001011100000001110000
000000000001111000000001110000
000000000000011000000000110000
000000000000011000000000111000
000000000000011000000000111000
000000000000011000000000111000
000000000000011000000000111000
000000000000011000000000111000
000000000000011000000000111000
000000000000000000000011011000
000000000000011000000011100000
000000000000011000000011110000
000000000000111000000110100000
000000000000111000000100000000
000000000000000000000000000000
000000000000000000000000000000
000000000000000000000000000000
000000000000000000000000000000
