000000000000000000000000000000
000000000000000000000000000000
000000000000000000000000000000
000000000000000000000000000000
000000000000000000000000000000
000000000000000000000000000000
000000000000011011110000000000
000000000000111111111000000000
000000000000111011111100000011
000000000000100000011100000001
000000000001100000000110011000
000000000001111000001011101000
000000000001111000011110000100
000000000001111000010101000000
000000000000111000000111000000
000000000000010000001111000000
000000000000111000000100000000
001111000001110000000010000000
010111000001101000000100000000
000000000001111100000111000000
000000000000100100001111001000
000000000000011000001110000000
000000000000111100001100000000
000000000000111001111000000000
000000000000111000110000000000
000000000000000000000000000000
000000000000000000000000000000
000000000000000000000000000000
000000000000000000000000000000
000000000000000000000000000000
