111100000000000000000000000000
000000000000000000000000000000
000000000000000000000000000000
000000000000000000000000000000
000000000000000000000000000000
000000000000000000011000000000
000000001000000000000000000000
000000110000000000000000000000
000001010000000000000000000000
000000100000000110000000000000
000000000000011111110000000000
000000000000111111111000000000
000000000001111000111100000000
000000000001110000011100000100
000000000001100000011100000100
000000000001111111111100000000
000000000001111111111000000000
000000000001101000000000000000
000000000001101000000000000000
000000000001111100000010000000
000000000000011010000111000000
000000000000011111111100000000
000000000000011111111000000000
000000000000000000000000000000
000000000000000000000000000000
000000000000000000000000000000
000000000000000000000000000000
000000000000000000000000000000
000000000000000000000000000000
000000000000000000000000000000
