010001000011001111001111110000
000000000011111001000100001111
000000000001110111101000011111
000000000001000111111111111101
001010000011001110101101111000
001100110110001111011111100001
000110111111011110000111010000
000011111110100000000010100011
111100000011000001001010100010
110110000000000011101111100101
110011000000000011111011001110
000101000000000010111100110110
000000000010000100111000100110
000000000010000001101101000101
000000000011110000001111101001
000000000110100000000011000000
000000000011110000000011000000
000000000011101111111111000000
000000000110011111111110000000
000000000111101000000000000000
000000000001111000000000000000
000000000011011000000000000000
000000000001111011111000000000
000000000000000001111000000000
000000000000000000011000000100
000000000000000001000000001100
000000000000000011100000000101
000000000000000011100000000110
111000000110000000000000001111
011111111111100010000000110110
