000000000000000000000000000000
000000000000000000000000000000
000000000000000000000000000011
000000000000000000000000000111
000000000000000000100000000110
000000000000000000000000000000
000000000000000000000000000000
000000000000000000000000000000
000000000000000000000000000000
000000000000000000000000000000
000000000000001011100000000000
000000000000001111110000000000
000000000000001000001100000000
000000000000000000000110000000
000000000000100000000110000000
000000000001011111111110000000
000000000001111111111100000000
000001100001100000000000000000
000011100001100000000000000100
000001000001100000000000000000
000110000000110000000000000000
000110000000011000000100000000
000100000000001111111000000000
001000001000000011110000000000
000000011000000000000000000000
000000000000000000000000000000
000000000000000000000000000000
001111100000000000000000000000
000111110000000000000000000000
000110110001100000000000000000
