100000001000010010010000000011
100000000000011101100000000000
000000000000000111110000000000
000000000000000100100011000000
000000000000000000000111000000
000000000000000000001010000000
000000000000000000111000000000
000000000000000001010000000000
000000000001110000100000000000
000000000011111100010000000000
000000000001001110111000000000
000000000000001111111010001110
000000000000011100111111000100
000000000000111000111110001100
000000000011111111000111001110
100000000111110110111011001110
000000000011111111111110001000
000000000011101100110000000001
000000001101110111111011111010
101111001111111010010111111110
000111000110011111111111111111
000000000000011111111100110111
000000000011000000000000111011
110000000000000000000011000000
100000000000000000110011000000
000000000000000000100110000000
100000100000000000011110000000
100000000000000000011010000000
000000000000000000111000000000
000100000000000011110000000001
