000000000000000000000000000000
000000000000000000000000000000
000000000000000000000000000000
000000000000000000000000000000
000000000000000000000000000000
000000000000000000000000000000
000000000000000000000000101100
000000000000000000000001001100
000000000000000000000000000000
000000000000000000000000000000
000000000000000000000000000000
000000000000000000110000000000
000000000000001111100000000000
000000000000011111110000000000
000000000000011100111000000000
000000000000110000011000000000
000000000001110000011100000000
000000000001111111111100000000
000000000001111111111000000000
000000000001100000000000000000
000000000001100000000000000000
000000000001110000110000000000
000000000001111001110000011000
000000000000111111100000000000
000000000000011111000000000000
000000000000000000000000000000
000000000000000000000000000000
000000000000000000001100000000
000000000000000000001100000000
000000000010000000001000000000
