000100010000010000000000000000
000000000000000000000000000000
000000000000000000000000000000
011000000000000000000000000000
110000000000000000000000000000
011101000000000000000000000000
001111100000000000000000000000
000000010000000000000000000000
000000000001100000000000000000
000000000001111000000000000000
000000000000011110000000000000
000000000000000101110010000000
000000000100001111101110000000
000000000000011111111000011000
000000000000111111111100001110
000000000001111000111100000110
000000000000110000011100000000
000000000000111111111100000000
000000000000011111111000000000
000000000000110000000000000000
000000000001110000000000000000
000000000000111000110000000000
000000000000111111111000000000
000000000000011111110000000000
000000000000001111100000000000
000000000000000000000000000000
000000000000000000000000000000
000000000000000000000000000000
000000000000000000000000000000
000000000000000000000000000000
