011000000000001111100000000000
000000000000110000001100000000
000000000000111010111100000100
000000000000000101010000001111
000000000000000000000000001100
000000000000000000000000000000
000000000000000000000000000000
000000000000000000000000000000
000000000000000000000000000000
000000000000000000000000000000
000000000000000111111110000000
000000000000000111111111000000
000000000000000111111111000000
000100000000001111011111000000
100011000000111100001111100000
000000000001111100001111100000
000000000001111111111111100000
000000000001111111111111110000
000000000001111001100000100000
000000000001111101100001100000
000000000000111110011111000000
000000000000111111111111000000
000000000000011111111110000000
000000000000001111111000000000
000000000000000000000000000000
000000000000000000000000000000
000000000000000000000000000000
000000000000000000000000000011
000000000000000000000000000011
000000000000000011111100000000
