111110000000001000010100000000
001110000000001100000000000000
100010000101011110000000000000
100010000111100110000000000000
100011111110000110000000000000
111111101000000100000000000000
111100011000000000000000000000
111110111000000000000000000000
110101100000000000000001100000
100011000000001000000011101111
111011111111001111111111111011
111111111111000111011100111100
010011111111111111101111011111
011111100001110111111101111111
110111000001111001011111111111
011000000000000001111110111111
111000000000000001111111000000
111111000000100000000000000000
110110000001110000000000000000
000111000000110000000010000000
000000000000001111111100000000
111110110000011111111100000000
111111011111110000000000000000
000000111111110000000000000000
000000000001111111111001100000
000000001110110110111111110011
000000001111100111111011111111
000000000001101111110001111011
000000000001111100111110101110
000000001101101110010111100110
