000000000000000000000000000000
000000000000000000000000000000
000000000000000000000000000000
000000000000000000000000000000
000000000000000000000000000000
000000000000000000000000000001
100000000000000000000000000011
100000000000000000000000000011
100000000000000000000000000011
100000000000000000000000001011
100000000000000000000000001101
111110000000000000000000001111
101110100000000000000000000101
111101100000000000000000000000
111001100000000000000000000000
100111000000000000000000000000
000110000000000000000000000000
000000000010100000000000000000
000000000011110000000000000000
000000000010011000000000000000
100000000000001000000000000000
100000000000000000000000000000
000000000100101000000000000000
000000000000010000010000000000
000000000000000000101000000000
000000000000000000000000000000
000000000000000000000000000000
000000000000000000000000000000
000000000000000000000000000000
000000000000000010100010000000
