000000000100000000000000000000
000000000000000000000000000000
000000000000000111110000000000
000110000000000111110000000000
011110000000000111000000000000
001100000000001110000000000000
000000000000001110000000000000
000000011000011100000000000000
000000000000011000000000000000
110000000000111000000000000000
000000000000111111000000000000
000000000011111110100000000010
000000000001100001110000000110
000000000001000000110000000111
100000000111000000000000000001
000000001111001100000000000000
000000000111111110000000000000
000000000011110000000011000000
000000000000000000000011000000
000000000000000000000000000001
000000000000000000000000000001
000000000000000000000000000000
001000000000000000000000000000
000000000000000000000000000000
000000000000000000000000000000
000000000000000000000000000000
000000000000000000000000000000
000000000000000000000000000000
000000000000000000000000000000
000000000000000000000000000000
