000000000000000000000000000000
000000000000000000000000000000
000000000000000000000000000000
000000000000000000000000000000
000000000000000000000000000000
000000000000000000000000000000
000000000000111111111100000000
000000000001111111111110000000
000000000001111111111100000000
000000000001111000000000000000
000000000001111000000000000000
000000000001111000000000000000
000000000001111000000000000000
000000000001111000000000000000
000000000001111111111100000000
000000000001111111111110000000
000000000001111111111110000000
000000001111111111111110000000
000000001101111000000000000000
000000000001111000000000000000
000000000001111000000000000000
000000000001111000000000000000
000000000001111111111110000000
000000000001111111111110000000
000000000000111111111110000000
000000000000000000000000000000
000000000000000000000000000000
000000000000000000000000000000
000000000000000000000000000000
000000000000000000000111100011
