011111111111010111110111101111
111011111111011111111011111110
111111011110011111101011111001
101001111111111111001111111100
111111110101111011111111111111
111111111111111111110111101011
111011111011010111111111111111
110011111100111111111111111110
000000000000111111111111111111
000000000000001111111101111111
000000000000010111111111111111
000000000000111111101111111111
000000000000111111111111111111
000000000000011111111111001111
000000000000111111111011001011
000000000000111111011010100100
110000111101111101111110111000
100001111100111101111011111101
000011111011111101110101111101
101111111011111110111111101111
111111111001011111110111111101
111011111111111111111111111000
001011110010110111111111011010
110110000010111100011111111111
111110000001111100011111111111
111100000000000000000000000011
101110000000000000000000000011
111100000000000000000000000011
111100000000000000000000000001
011100000000000000000000000000
