010010000000000000000000000000
110000000000000000000000000000
010000000000000000000000000000
100000000000000000000000000000
000100000000000000000000000000
100110000000000000000100000000
010000000000000000001110000000
100000000000000000001110011100
000000000000011111111111111110
000000000000111111111111111110
000000000001111111111111111010
000000000001111111111111010101
000000000001110000000000001111
000000000011111000000000000011
000000000001111000000000000011
000000000011111000000000000011
000000000011111111011000000011
000011001001111111111000001111
000011111111111111111000000001
000000101111111111000001100011
000000111010111101111111111010
100001101100111111111110111110
000010011100111111110111111111
000000001111111111111111111111
000000000101111111111111111011
000000000001111111111111111011
000000000001111111111111110011
000000000000000000000000000010
000000000000000000000000000111
000000000000000000000000100111
