000000000000000000000000000000
000000000000000000000000000000
000000000000000000000000000000
000000000000000000000000000000
000000000000000000000000000000
000000000000000001000000000000
000000000000010011101100000000
000000000000111111111100000000
000000000000111011110000000000
000000000000110000110000000000
000000000000110000100000011000
000000000000110000000000000000
000000000000110000000000000000
000000000000110000000000000000
000001000000111000010000000000
000001000000111001111000000000
000011100000111000000000000000
000011000000110000000000000000
000000100000110000000000000000
000000000000110000000000000000
000000000000110000000000000000
000000000000110000000000000100
000000000000111000001000000000
000000000000111011011100000000
000000000000000110011110000000
000000000000000100001100000000
000000000000001000000000000000
000000000110001000000000000000
000000000000000000000000000000
000000001000011100000011000000
