000000000000000000000000000000
000000000000000000000000000000
000000000000000000000000000000
000000100000000000000000000000
000001100000000000000000000000
000000000000000000000000000000
000000000000000000000000000000
000000000000001111000000100000
000000000000001111000000110000
000000000000000011000000110000
000000000000000110000000110000
000000000000000110001000110000
000000000000000110001100000000
000000000000000100001100000000
000000000000001111111000000000
000000000000001111011000000000
000000000000001110011000000000
000000000000001100001000000000
000000000000001000000001100000
000000000000011100000001011000
000000000001111000000111111000
000000000001111111000111000000
000000001100111110000000000000
000000001100000000000000000000
100000000000000000000000000000
100000000000000000000000000000
000000000000000000000000000000
000000000000000000000000000000
000000000000000000000000000000
000000000010000000000000000100
