000000000001111110000000000000
000000000000000000000000000000
000000000000000000000000000001
000000000000000000000000000001
000000000000000000000000000000
000000000000000000000000000000
000000000000001111111111000000
000000000011011111111111000000
000000000010111100000000000000
000000000000111100000000000000
000000000000011100000000000000
000000000000011000000000000000
000000000000011000000000000000
000000000000011000000000000000
000000000000111111111110000001
000000000000111111111110000001
000000000000111000000000000001
000000000000110000000000000000
000000000000110000110000000000
000000000000110000000000000000
000000000000110000000000000000
000000000001111000000000000000
000000000001110000000000000000
000000000001111111111100000000
000000000000111111111100000000
000000000000000000000000000000
000000000000000000000000000000
000000000000000000000000000000
000000000000000000000000000000
000000000000000000000000000000
