000000000000000000000000000000
000000000000000000000000000000
000110000000000000000000000000
000110000000000000000000000000
000110000000000000000000000000
000100000000011111111111110000
001100000000111111011011110000
000000000000111000000000000000
000000000000111000000000000000
000000000000111000000000000000
000000000000010000000000000000
000000000000111000000000000000
000000000000111000000000000000
000000000000111111111111100000
000000000000111111111111100000
000000000000111000011111000000
000000000000111100000000000000
000000000001111000000000000000
000000000000111000000000000000
000000000000111000000000000000
000000000001111000000000000000
000000000001111000000010000000
000000000000111111111111100000
000000000000111111111111110000
000000000100011111111111110000
000000000111000000000000000000
000000000011000000000000000000
000000000010000000000000000000
000000000000000000000000000000
000000000000000000000000000000
