000000000110110001000000000000
000000000000000000100000000000
000000000000000000100000000000
000000000000000000000000000000
000000000111001000011110000000
000000000011111111111111000000
000000000001111111111111000000
000000000001111111111111000000
000000000001111100000100000001
000000000001111100000001000000
000000000001111100000011001100
000000000001111101000011101100
000000000001111111111111101100
000000000001111111111100010101
000000000001111111111101110111
000000000001111111111111111110
111111100011111111101000000000
111111100011111101010100000000
001111110111111100101100000000
001011101001111111111100000000
000110100011111111111110000000
000111110011111111111111000000
011101000001111111111111110000
011110000000000000001100110000
011100000000000000000000110000
001000000000000000000000000000
010000000000000000000000000000
110000000000000000000000000000
111000000000000000000000000000
110100100000000000000000000000
