010000000000011000000000001100
000000000000000000000000000000
000000000000000000000000000000
000000000000011000000000000000
000000000000011000000000000000
000000000000000100000000000000
000000000000000100000000000000
000000000000000000000000000000
000000000000000000000000000000
000000000000000000000000000000
000000011000000000000000000000
000001010000000000000000000000
000000100000000000000000000000
000000010000000000000000000000
000000111000000000000000000000
000001101000000000000000000000
000011110000111000000000000000
000001100001111110000000000000
000000000000101111000011000000
000000000000000110000011000000
000000000000001100000000001111
000000000000000100000000001101
000000000000110000000000000000
000000000000110000000000000000
000000000000011000000000000000
000000000000110000000000000000
000000000000110000000000000000
000000000001000000000000000000
000000000000100000000000000000
000000000001000000000000000000
