100000000000000011000000000000
000000000000000000000000000000
000000000000011000000000000000
000000000000000000000000000000
000000000000000000000000000000
110000000000000000000000000111
100000000000100000000000111111
000000000000010000000111110011
000000000000100010111111110110
000000000000000001111000000000
000000000000011000000000000000
000000000011111000000000000000
000000000111000000000000000000
001000000001000000000000000000
011110000011000000000000000000
011110000011000000000000000000
011100000000000000000000000000
001100000000000000000000000000
000000000000000000000000000000
000000000000000000000000000000
000000000000000000000000000000
100000001100000000000000000000
000111111100000000000000000000
000011000000000000000000000000
000000000000000000000000110000
000000000000000000000000110000
000000000000000000000000000000
000000000000000000000000000000
000000000000000000000000000000
001000000000000000000000000000
