000000000100000000000000000000
000000000000000000000000000000
000000000000000000000000000000
000011000000000000000000000000
000011000000001111100000000000
000000000000011111100000000000
000000000000111110000000000000
000000000000111110000000000000
000000000000111111100000000000
000000000001111111110000000000
000000000001111111100000000000
000000000001111111000000000000
000000000000111100000000000000
000000000000111100000000000001
000000000000111100000000000001
000000000000111100000000000000
000000000010111110000000000000
000000000001111100000000000000
000000000000111100000000000000
000000000000111100000000000000
000000000000111100000000000000
000000000000111100000000000000
000000000000011100000000000000
000000000000000010001100000000
000000000000000110000000000000
000000000000000000000000000000
000000000000000000000000000000
000000000000000000000000000000
000000000000000000000000000000
000000000000000000000000000000
