000000000000000000000000000000
000000000000000000000000000000
000000000000000000000000000000
000000000000000000000000000000
000000000000000000000000000000
000000000000000000000000000000
000000000000000011000000000000
000000000000000111100000000000
000000000000111011100000000000
111100000000011000000000000000
111100001100111000000000000000
000000011111111100000000000000
000000011001111011000000000000
000000000000111110000000000000
000000000000011100000000000000
000000000000011000000000000000
000000000000011100000000000000
000000000000011100000000000000
000000000000011100000000000000
000000000000011100000000000000
000000000000011100000000000000
000000000000011100000000000000
000000000000011100000000000000
001100000000011100000000000000
000000000000111111111000000000
000000000000011111110000000000
000000000000100000000000000000
000000000001000000000000000000
000000000000000000000000000000
000001001011000011000000000000
