101100000000000110000001000001
000000000000000000001100000001
000000000000000101111110011000
100011100000001100100110011000
110011000000000110000110011000
100000000000001110001100000000
000000000000001111011100000000
000000000000011010000000001100
000000000000111100000000000011
000000000000111000000000000001
000000000000111000000000000000
000000000000111000000000000000
000000000001111100000000000000
000000000001111110000000000000
000000000001111100000000000000
000000000000111000000000000000
000000000001111000000000000011
000000000110110000000000000011
000000001110110000000000000010
000000000110110000000000000000
000000011110011000000000000000
000000000100111100000000000000
000000000000111000000000000000
000000000000111000000000000000
000000000000110000000000000000
000000000000001100000000000000
000000000000001100000000000000
000000000000000100000000000000
000000000000000010000000000000
000000000000000101110000000000
