000000000000000000000000000000
000000000000000000000000000000
000000000000000000000000000000
000000000000000000000000000000
000000000000000000000000000000
000000000000000000000000000000
000000000000000000011111111000
000000000000000000111111111100
000000000000000000111100111100
000000000000000000111000000000
000000000000001001111100000000
000000000000001111111111110000
000000000000001111111111110000
000000000000001101110000000000
000000000000001111110000000000
000000000000000011110000000000
000000000000000011110000000000
000000000000000011100000000000
000000000000000011110010000000
000000000000000111100010000000
000000000000111111111111000000
000000000000111111111110000000
000000000000000000100000000000
000000000000000000000000000000
000000000000000000000000000000
000000000000000000000000010000
000000000000000000000000001000
000000000000000000000000000100
000000000000000000000000000110
000000010000000000000010000100
