000000000000000000000110000000
000000000000000000000000000000
000000000000000000000000000000
000000000000000000000000010000
000000000000000000000000000000
000000000000000000000000100000
000000000000011111000000000000
000000000000111111000000000000
000000000000111110100000000000
000000000000111100000000000000
000000000001111101000000000000
000000000011111111000000000000
000000000011111110100000000000
000000000001111101000000000000
000000000000111110000000000000
000000000000111100000000000000
000000000000111100000000000000
000000000000111100000000000000
000000000000111000000000000001
000000000000111100000010000001
000000000001111101000111000000
000000000001111010000111000000
000000000000110100000000000000
000000000000111000000000000000
000000000000110000011000000000
000000000000000000000000000000
000000000000000000000000000000
000000000000000000000000000000
000000000000000000000000000000
000000000000000000000000000000
