000000000000000000000000000000
000000000000000000000000000000
000000000000000000000000000000
000000000000001000000000000000
000000000000000100000000000000
000000000000000000000000000000
000000000000000000000000000000
000000000000000000000000000000
000000000000000000000000000000
000000000000001100000000000000
000000000000001100000000000000
000000000000001100000000000000
000000000000000000000000001111
000000000000000000001110111110
000000000000000000011111001000
000000000000000000000100110000
000000000000000000000000000000
000000000000000000001000000000
000000000000000000011000000000
000000000000000001100000000000
000000000000000001000000000000
000000000000000000000000001000
000000000000000000000000000000
000000000000000000000000000000
000000000000000000000000000001
000000000000000010000000000011
011000000000000000000000000100
011000000000000000000000000000
000000000000000000000000000000
000000000000000000000000000000
