000000000000000000000000000000
000000000000000000000000000000
000000000000000000000000000000
000000000000000000000000000000
000000000000000000000000000000
000000000000000000000000000000
000000000000000000000000000000
000000000000000000000000000000
000000000000000000001000000000
000000000000000011111100000000
000000000000000111111110000000
000000000000000111111110000000
000000000000001111100100000000
000000000000001111000100000000
000000000000001111001110000000
000000000000001111001100000000
100110000001111111111100000000
011111000011110111111100000000
000010000011111111111100000001
100000000000001111000000000001
000000000000001110000000000011
100000000000001111000000000001
000000000000011110000000000000
000000000000001110000000000001
000000000000011110000000000001
000000000111011110000000010000
000000000101111110111110000000
000000000000111111100100000000
000000000000111111000000000000
000000001000011110000110000100
