000000001011011100100000000000
000000000011110111100000000000
000000001101010111100000000000
000000001110110111100000000000
000000001111111110010000000000
000000000111101101011000000000
000000001111111111111000000000
000000001110111111111000000000
000000000111111111111000110000
000000000011111111111011111001
000000000111111111111111110111
000000001111111111111011111111
000000001111111111101110111011
000000000111111111110011111111
000000000111111111100111111111
000000000011111101110111111011
000001110110111100111000111111
000001111111111100000000011010
100001110101111100000000001001
000001101111111100000000000000
001010110111111100000000010000
110101111111111100000000010110
000011111101111100000000011110
100001110100111100000000001001
000000000111111111111000000000
000000000111111111111110000000
000000000101111111011111000000
000000000011111010011111000000
000000000110110011111111000000
000000001111100011110110000000
