000000000000000000000000001011
000000000000000000000000000000
000000000000000000000000000000
000000000000000000000000000000
000000000000000000000000000000
000000000000000000000000000000
000000000000001111110000000000
000000000000011111110000000000
000000000000011100000000000000
000000000000011100000000000000
000000000000011100000000000011
000000000000011100000000000011
000000000000011100000000000001
000000000000011111000000000000
000000000000011111111000000000
000000000000011100110000000000
100000000000001001100000000000
000000000000001000000000000000
100000110010001000000000000000
000000000111001000000000000000
000000000111000000000000000000
000000000010000000000000000000
000000000000010000000000000000
000000000000010000000000000011
000000000000000000000000001111
100000000000000000001100001111
000000000000000000001100000000
000000001001000000011000000000
000000000000111000010000000000
000001000001111001010000000000
