000000000000000000000000000000
000000000000000000000000000000
000000000000000000000000000000
000000000000000000000000110000
000000000000000000000000000000
000000000000000001110000000000
000000000000000001110000000000
000000000000000011100000000000
000000000000000011000000000000
000000000000000010000000000000
000000000000000110000000000000
000000000000001111000000000000
000000000000000010000000000000
000000000000000000000000000000
000000000000000000000000000000
000000000000000000000000000000
000000000000000000000000000000
000000000000000000000000000000
000000000000000000000000000000
000000000000000010000000000000
000000000000000011000000000000
000000000000000011100000000000
000000000000000000000000000000
000000000000000000000000000000
001000000000000000000000000000
000000000000000000000000000000
000000000000000000000000000000
000000000000000000000000000000
000000000000000000000000000000
000000000000000000000000000010
