000000000000000000010000000000
000000000000000000000000000000
000000000000000000000000000000
000000000000000000000000000000
000000000000000000000000000000
000000000000000000000000000000
000000000000000011100000000000
000000000000000111110000000000
000000000000001111100000000000
000000110000001110000000000000
000000110000001110000000000000
000000000000000000000000000000
000000000000011111000000000000
000000000000111111000000000000
000000000000111111000000000000
000000000000011100000000000000
000000000000011100000000000000
000000000000011000000000000000
000000000000011000000000000000
000000000000011000000000000000
000000000000001000000000000000
000000000000010000000000000000
000000000000110000000000000000
000000000000110000000000000000
000000000000000000000000000000
000000000000000000000000000000
000000000000000000000000000000
000000000000000000000000000000
000000000000000000000000000000
000000000000000000000000000000
