000100000000010000000100101000
000000000000000000000000000000
100000000000000000000000000000
111000000000010100110100010000
111000000001111111011110000001
000000000111111111111111100000
000000001111111111111111100000
000000001111111111111111111000
000000000011111111111111100000
000000000001111111101110100001
101100000001111110100111000000
011100000001111111101111000000
111000000001111111111110100000
000000000001111111111111000000
000000000001111111111110000000
000000000001111111111111000000
000000000001111111111111000000
000010000011111111111000000000
111000000011111111011000000000
111100100001111111010000000001
011111111111111111100000000000
000010111111111111000000000001
001100100101111110111100000010
001111110000000111101100000011
000011011000000111011111000011
000011011000000101111111000111
001111111101000101110000001001
001111111111111111000000000110
000111100000110101100011100110
000000000000000100100001110011
