000011000001001001101101000000
000000000001111111111111110000
000000000001111110111111111000
000000000001111100011110000000
000000100001101110011111000001
000101000011110010011110010111
001111111111111110001111111111
001111111111111110011100110000
111111000110100000011111110000
111111101111111111111111111110
001011100101011011111011110100
000110100111110001111111001000
000011001110010001111110000100
000111010100001001100110100010
001110011100011111100111110001
001100011110011111000011100001
110100010100011111000110000011
101111101110111100000011100001
101101000100011000000111111000
101110001100000000011110111101
000010011111000000011111110111
100000111111000000101011111110
100000001100000001010001110001
100010000000000000110000100000
100111000000000000010011100000
101010001000000000001111000000
011000011000000000001110000000
010000111100110000000100000000
111001111101111000000000000000
011011100101110000101011000000
