000000000000000000000000000000
000000000000000000000000000000
000000000000000000000000000000
000000000000000000000000000000
000000000000000000000000000000
110000000000001110111110000000
000000000000011111111111000000
000000000000011111111111000000
000000000000111111111110000000
000000000000111110000000000000
100010100001111110000000000000
000000000011111110000000000000
000000000001111111000000000000
000000000000111111111111000000
000000000000111111111111000000
000000000000111111111100000000
000000000000111110110000000000
000000000000111110000000000000
000000000001111110000000000110
000000000001111110000000000110
000000000001111110000000000100
000000000001111110011100001110
000000000001111110011000000000
000000000000000000000000000000
000000000000000000000000000000
000000000000000000000000000001
000000000000000000000000000001
000000000000000000001000000000
000000000000000000011000000000
000000000000000000011000000000
