010000001110110001011010111010
001000001011011111111111111100
001111000001111110011111111100
001101100001111000011111111000
000111000111110000001111100000
110111001111111100001110000000
111001100111111110011100000000
110001000000100110101100000000
100000000000110101111000000011
000010000000111101111000001110
000001000000101111111111110100
000001110000110111111111111000
000000111001111111110111000100
011100111111111101110000000000
001101111111101101100000000000
000111100010100011001000000001
111010110111100101000000000011
011000001111111011001000001111
000100011011111111001100001111
000010111110111001101111000011
000011101110010111111111100011
000001011100000111011001100110
001110001100000100000000000000
000110001000000000000000000000
000000011100001000000000000000
000001110110011000000000000000
000001100000111000000000000000
000000010000010100000000000000
000000110000000010000000000000
000000111011000111100000000000
