000000010000000101101101011000
000000000000000011100000000000
000000001000110011000001101100
100000000100101001011101111111
110111010111111111111111101111
111111111111001001110111000011
010000100000011111111111000000
000000110000001111111110000000
000000111010011110000000000000
101100001100111100000000011010
111100000000111100000000011101
101000000000011100000000000111
000000000000011100000000000011
000000110000011010000000000011
000110100000111111111110000100
000100000100111111111110000111
000000000100111000000000000010
000000000000111000000000000000
000000000000110000000000000000
000000000001110000000000000000
000000000001110000000000000000
000000000001110000000000000000
000000000001110000000001000000
000000000001110000000000100000
000000000001100000000000000000
000000000000000000000000000000
000000000000000000000000000000
000000000000000000000000000000
000000000000000000000000000000
000000000000001000000000000000
