000000000000000000000000000000
000000000000000000000000000000
000000000000000000000000000000
000000000000000000000000000000
000000000000000000000000000000
000000000000000000000000000000
000000000000000000000000000000
000000000000000000000000011000
000000000000000001000011001100
000000000000000000000000001100
000000000000000000000000001000
000000000000000000000000111000
000000000110000000000000010000
000000001110000011000000000000
000000000000000011101000000100
101110000100000111001100001110
100111100010100110000111110110
000111100001011111111111110101
000110000000001111101000100111
000000001101001100110001000011
000100011111000101111111100001
111110111111001111110111100010
111110000000001100000000000000
000000000000000000000000000000
000000000000000000000000000000
000000000000000000000000000000
000000000000000100000000000000
000000000000000000000000000000
000000000000000000000000000011
000000000000000000000000000111
