111000000000000000000000000000
000000000000000000000000000000
000000000000000000000000000000
000011000000000000000000000000
111100110000000000000000000000
111111110000000000000000000000
011111110000000000000000000000
011111110000000000000000111111
101111011111111000000000111101
111111010111111100000000011111
111101111011010100000000111110
111111110000001000000000011010
111101000000000000000000001111
111100100000000000000000001010
111111110000000000000000110110
101100100000000000000000111100
000000000000000010000000111000
000000000000000011010011111111
000000000100010111101111111101
000000000111000011110101110111
000000000010100100001111110011
000000000101100110011101110110
000000000111101101111110001101
000000000010011111111100000001
000000000001111111100000000000
000000000111110100000000000000
000000000110111000000000000000
000000000010000000000000000000
000000000101101000000000000000
000000001101110100000000000000
