000001001000000000000000000000
000000000000000000000000000000
000000000000000000000000000000
000000000000000000000000000000
000000000000000000000000000000
000000000000000000000000000000
000000000000000000000000000000
000000000000000000000000000000
000000000000000000000000000000
000000000000000000000000000000
000000000000000000000000000000
000000000000001100000000111100
110000000000111100000000111100
110000000000110111111100000000
000000000001111111111100000000
000001111111111111000000000000
000000001111110000000000000000
000000000001111000000000000000
000000000001110111000000000000
000000000011111111111110000000
000000000001111111111110011100
000000000001111111110000011100
000000000001110000000000000000
000000000001110000000000000000
000000000001110000000000000000
000000000000110000000000000000
000000000000110000000000000000
000000000000110000000000000000
000000000000110000000000000000
000000000000110000000000000000
