000000000000000000000000000000
000000000000000000000000000000
000000000000000000000000000000
000000000000000000000000000000
000000000000000000000000000000
000000000000011111111100000000
000000000000111111111100000000
000000000000111000000000000000
000000000000110000000000000000
000000000000110000000000000000
000000000000110000000000000000
000000000000110000000000000000
000000000000110000000000000000
000000000000111111110000000000
000000000000111111110000000000
000000000000110000000000000000
000000000000110000000000000000
000000000000110000000000000000
000000000000110001000000000000
000000000000110000000000000000
000000000000110000000001000000
000000000001111000000011111000
000000000001111100011000011000
000000000001111000001000000000
000000000000000000000000000000
000000000000000000000000000000
000000000110000000000000000000
000000000000000000000000000000
000000000000000000000000000000
000000000000000000000000000000
