001000000000000000001010000000
000000000000000000000000000000
100000000000000000000010000000
000000000010000000000000000000
000000000000111100000000000000
000000000000011100000000000000
000000000000000011100100000000
000000000000000111111011111000
000000000000000111111111111100
000000000100000111101111111101
000000001100000111000110111101
000000001100000110000110111111
000000001000000111011111100001
000000000000001011111100011000
000000000000001101111110111000
000000000110000110111110000000
000000000110001111111000000000
000000000000010110000000000000
000000000000001110000000000000
000000000000111100000000000000
000000000001110111100000000000
000000000001110111100000000000
000000000000000000000000000110
000000000000000000000000000110
000000000000000000000000000000
000000000000000000000000000000
000000000000000000000000000000
000000000000000000000000000000
000000000000000000000000000000
000110000000000000000000000000
