000000000000000000000000000001
000000000000000000000000000000
000000000000000000000000001110
000000000000000000000000011100
000000000000000000000000011100
000000000000000000000000001100
000000000001111110000000000000
000000000011111110000000000000
000000000000110000000000000000
000000001100110000000000000000
000000001100000000000000000000
000000001100000000000000000000
000000000000011011110000000000
000000000000011111110000000000
000010000000011111100000000000
000110000000011100000000011100
000100000001001000000000011100
000000000001111111110000110000
000000000001110011110001100000
000000000001110011100000000100
000000000000100101000000000110
100000011100011010000000000000
000000111000011000000000000000
000000010000000000000000000000
000000100000000000000000000000
000000100000000000000000000000
000000100000000000000000000000
000000000000000000000000000000
000110000000000000000000000000
011110110000000000000000000000
