101101000110101010111110000100
111001111000000000000111001100
011100111000000000001111001100
111100000000000000000101100000
111100000000100000000011100000
110100000010011111000111111000
101100000101010111001001100100
100110000111111111111111111100
111101000011111111111111111100
011000000001111111011111110000
101000000000111101111111111000
111100000000011101111111111000
110110000000011111111111010100
111110110000111111111001011100
111101101001011111111100111100
011111111010111111111001111100
111110011111111111111101111011
101011111001111111101110111011
111110111110111111111111111110
101101111111011111111111111111
111111111111111111111111111111
111111111111111111111111111011
111111111111111101101101011111
110011111110111111111110111111
111111111111111111101000000001
011100000000011111111000000000
111110000000111101011100000000
111100000000010111111000000001
011000000000011011100000000011
111000000000111100111110000011
