000000000000000000000000000000
000000000000000000000000000000
000000000000000000000000000000
000000000000000000000000000000
000000000000000000000000000000
000000000000000000000000000000
000000000000000000000000000000
000000000000000000000000000000
000000000000000000000000000000
000000000000011000000110000000
000000000000011000000110000000
110000000000011000000110000000
110000000000011000000000000000
000000000000111000000000000000
000000000001111000000000000000
000000000001110100001000000000
000010000000011111111000000000
000111000000111111111110000000
000011000000111100011100000000
000000000000011000011000000000
000000000000011000000000000000
000000000000011000000000000000
000000000000011000000000000000
000000000000011000000000000000
000000000000111000000000000000
000000000001111100000000000000
000000000000110000000000000000
000000000000000000000000000000
000000000000000000000000000000
000000000000100000000000000000
