000000000000000000000001110000
000000000000000000000000000000
000000000000000000000000000000
000000000000000000000000000000
000000000000000000000000000000
000000000000000000000000000000
000000000000000000000000000000
000000000000000000000000000000
000000000000000000000000000000
000000000000000000000010000000
001110000000000000000001000000
001111000000000000000010000000
000000110001110000000000000000
000000100001111010111000001000
000000000000101111111000000000
000000000000000000011111000000
000000000000000000000011000110
000000000000000000000000000110
000000000000110000011000000000
000000000000011000000110000000
000000000000000000000110000000
000000000000000000000000000000
000000000000000000000000000000
000000000000000000000000000000
000000000000000111000000000000
000000000000111111000000000000
000000000000010000000000000000
000000000000110000000000000000
000000000000110000000000000000
000000000000110000000000000000
