000000000000000000000000000000
000000000000000000000000000000
000000000000000000000000000000
000000000000001000000011100000
000000000000011000000011100000
000000000000000000000001110000
000000000000000000000000000000
000000000000000000000000000000
000000000000000000000110000000
000000000000000000000111100000
000000000000001111000111110000
000000000000011110001100110000
000000000000111000000000110000
000000000000111000000000000000
000000000000111000000000000000
000000000001110000000000000000
000000000001110000000000000000
000000000001110000000001000000
000000000001110000000011110000
000000000000110000000011110000
000000000000110000000001110000
000000000000111000000001110000
000000000000111000000001110000
000000000000111100000001100000
000000000001100110000001100000
000000000000000000000001100000
000000000000000000000000000000
000000000000000000000001000000
000000000000000000000000100000
000000000000100001100001000000
