010001011110000000000000000000
100001101010000000000000000000
110010110101000000000000000000
100011110111100000000000000000
110001111101100000000000000000
100000001001100000000000000000
000000010001100001111111000000
000000000000000111111111000000
000000000000001111100011000000
000000000000001111100000000000
000000000000011100000000000000
000000000000111100000000000000
000000000000111100000000000000
000000000000111000000000000000
000000000000111000000000000000
000000000000111000000000000000
000000000001111000000010000000
110000011000111100000111000000
100000111100011110000111000000
100000111100001110011111000000
111011110100000010011111000000
111111111110001100000011000000
000001011000001111100010000000
000110001100000001100000000000
000100001100000000000000000000
000000001100000000000000000000
000000000000000000000000000000
000000000000000000000000000000
000000000000000000000000000000
000011000000110000000000000000
