011100010011111101111010101100
111101110111111110011110010000
111111101100111011111111111000
111111111010111100111110111000
101010111111111011111100011000
001111011111111101101110010000
111011111111110110101110111000
111111111111111010111111111100
111111111101111111111111111011
100111111111111111110101111011
111110111111111111111111111101
111111111100111101111111011001
111111110011111111111111111101
011100111111111011111111111101
101111111010111110111110110111
111100111111111011011111111100
111111111111111111111111111011
111111111111111111010111111011
101111100101111111111111111111
111111111100111010001101110111
101111111111111111101111110101
110110111101111111111110111110
110000101111011111101011100111
110001101111100111111111111111
000001101111000000001111011010
000000101100000000001111111101
000000111100000000001111011111
000011011100000000001111111100
000001111000000000000001111111
000000100100000000000101001101
