000000000000000000000000000000
000000000000000000000000000000
000000000000000000000000000000
000000000000000000000000000000
000000000000000000000000000000
000000000000000000000000000000
000000000000001111111100000000
000000000000011111111110000000
000000000000111111111110000000
000000000000111110111111000000
000000000000111000000111100000
000000000001011000000011000000
000000000001111000000000000000
000000000001111000000000000000
000000000001111000000000000000
000000000001111000011111000000
000000000001110000111111100000
000000000001110000011111100000
000000000001111000000111100000
000000000001111000000111100000
000000000001111000001111100000
000000000000111110011111100000
000000000000111111111111000000
000000000000011111111110000000
000000000000001111111100000000
000000000000000000000000000001
000000000000000000000000000000
000000000000000000000000000000
000000000000000000000000000000
000000000000000000000000000000
