000100010110010010000000000010
000000000000000000000000000001
000000000000000000000000000001
000100000011000000000000000000
000000000011100110111100000000
000000000011001111111111000000
000000000001111111111111100000
000000000011011101111111000000
000000000010001110000000000000
000000000000010100000000000000
000000000000111100000000000000
000000000001111000000000000000
000000000001111100110000000000
000000000001111100111111110000
000000000011111110011111111000
000000000011111011011111111000
000000000011111111111111111000
000000000001111101111111111000
000000000001111111101011111001
000000000001111110001111110001
000000000000111111111111110000
000000000001111111011111111000
000000000011000111111111110000
000000000011000000000001100000
000000000000000000000000000000
000000100000000000000000000000
000000100000000000000000000000
000001100000000000000000000000
000001100000000000000000000000
000000100000000110000000000000
