000000000000010000000000000000
000000000000000000000000000000
000000000000000000000000000000
000000000000000000110000000000
000000000000000000000000000000
000000000000000000000000000000
000000000000000000000000000000
000000000000000000000000000000
000000000000000000000000000000
000000000000000000000000000001
000000000000000000000000000000
000000000000000000000000000000
000000000000000000000000000000
000000000000000000000000000000
000000000000000000000000000000
000000000000000000000000000000
000000000000000001100000000000
000000000000000001111100001000
000000000000000111111100000000
001100110000000110011100000000
001111110000000000011110110000
000001110000010000011100100000
000000000000110000011100000000
000000000001110000011000000000
100000000001111000111000000000
000000000001110001111000000000
000000000001100011011000000000
000000000001110111011000000000
000000000001111110011000000000
000000000001111100111000000000
