000011000000001100000000000000
100111110000000000000000000000
100000110000000000000000000000
000000000000000000000000000000
000000000000000000000000000000
000000000000000000000000000000
000000000000000000000000000000
000000000000000000000000000000
000000000000000000000000000000
000000000000000000000000000000
000000000000000000000000000000
000000000000000000000000000000
000000000000000000000000000000
000000000000000000000000000000
000000000000000000000000000000
000000000000000000000000000000
000000000000000000000000000000
000000000000000000000000000000
000000000000001101111100000011
000000000000000000111100000001
000000000000000000001000000001
000000000000011000011000000001
000000000000111000011000000001
000000000001110000011000000000
000000000001110001111100000000
000100000011111110110000000000
000000000001110011101000000000
000000000001110111011000000000
000000000001111110011000000000
000000000010111000011000000000
