000000100000000000000000000000
000000000000000000000000000000
000000000000000000000000000000
000000000000000000000000000000
000000000000000000000000000000
000000000000000000000000000000
000000000000000000000000000000
000000000000000000000000000000
000000000000000000000000000000
000000000000000000000000000000
000000000000000000000000000000
000000000000000011000000000000
000000000000000111110000000000
000000000000001110111110000000
000000000000011100000110000000
000000000000111000000110000000
000000000010110000001110000000
000000000001100000011110000000
000000000001100000111111000000
000000000001100001110011000000
000000000001100111100011000000
000000000001111111000011000000
000000000001111110000011000000
000000000000111100000011000000
000000000000000000000111000000
000000000000000000000110000000
000000000000000000000111000000
000000000000111000011111000000
000000000000011111111000000000
000000000000001111110000000000
