000000000000000000000000000000
000000000000000000000000000000
000000000000000000000000000000
000000000000000000000000000000
000000000000000000000000000000
000000000000000000000000000000
000000000000000000000000000000
000000000000000000000000000000
000000000000000000000000000000
000000000000000000000000000000
000000000000001111111100000000
000000000000011111111110000000
000000000000111111111111000000
000000110001110110011111000000
000000000001110000001110000000
000000000001110000001110000000
000000000001100000001110000000
000000000001110000001110000000
000000000001110000001110000000
000000000001110000001110000000
000000001101110000011110000000
000000001110111100111110000000
000000000000111111111110000000
000000000000001111101110000000
000000000000000000011110000000
000000000000110000001101000000
000000000001111000111100000000
000000000000111111111000000000
000000000000011111110000000000
000000000000000000000000000000
