000000000000000000000000011001
000000000000000000000000000010
000000000000000000000000000100
000000000000000000000000000110
000000000000000000000000000110
000000000000000000000000001111
000000000000110000000000011111
000000000000111000000000011001
100000000000011000000000000000
000000000000011000000000000000
000000000000011100000000000000
000000100000011110000000001100
000000100000011111111000000100
000000100000011111111100001100
000000000000111101111100001110
000000000001111100111100000111
000000000010111100011110000000
000000001101111111111111000000
000000001100110111101111000000
000000000011100011100111000000
000000000001100011011111000000
000000000000110010111110000000
000000000111001011111100000000
000000000000011111011000011000
000000000000001101110000111000
000000000000000001110000110111
000000000001100011100000011101
000000000011110011100000011110
000000000001111111100000111110
000000000000111111000000111101
