000000000000000000000000000000
000000000000000000000000000000
000000000000000000000000000000
000000000000000000000000000000
000000000000000000000000000000
000000000000000000000000000000
000000000000000000000000000000
000000000000000000000000000000
000000000000000000000001100000
000000000000000000000001000000
000000000000000000000000000011
000000000000100000000010111110
000000000000110111011111111011
000000000000111111111110000011
000000000000111111111100000011
000000000000111111011100000000
000000000001111100011000000000
000000000011111000011000000000
000000000111110000011000000000
000000000011110000011000000000
000000000111110000111000000000
000000000011101001111000000000
000000000111111011110000000000
000000000111111111110000000000
000000000111011111110000000000
000000000011010001110000110001
000000000011100001110000110000
000000000011110111100000111000
000000000001111111100000011000
000000000000111111000000111000
