000000000000001101000000000000
000000000000010000000000000000
000000000001100000000000000000
000000000010000001100000000000
000000000000100001100000000000
000000000001110000000000000000
000000000001011000000000011100
000000000010000011100000010100
000000000000000011111110110000
000000000000000000011111100000
000000000000000000000000110100
000000000000000000000000011100
000000000000000000000000001000
000000000000000000011000000000
000000000000000000000000000000
000000000000000000000000000000
000000000000000000000000000000
000000000000000000000000000001
000000000000000000000000000001
000000000000000000000000000000
000000000000000000000000000000
000000000000000000000000001100
000000000000000000000000001111
000000000000000000000000010000
000000000000000000000010000000
000000000000000000001100000000
000000000000000000110000000000
000110000000000010000000000000
000110000000000000000000000000
000100000000100000000000000000
