000000000000000000000000000110
000000000000000000000000000000
000000000000000000000000000000
000000000000000000000000000000
000000000000000000000000000000
000000000000000000000000100000
000000000000000000000001100000
000000000000000000000001100000
000000000000000000000000000000
111111111111111111111000000111
111111111111111111111111111111
000000000000000011111101111000
100000000000000111001111000000
000000000000001100000011111000
000000000000011000000011011000
000111000000011000000011100001
000011000000000000000011000011
000000000011000000000011000011
000000000000000000000010000000
000000000000110000001110000000
000000100000011000011110000000
000000000000101110000110001100
000000000001011110000000001100
000000000000110110000000000000
000000000000100000001000000000
000000000000000000111000000000
000000000000000000110000000000
000000000000000000000000000000
000000000000000000000000000000
000000000000000000000000000000
