000000000000000000000000000000
000000000000000000000000000000
000000000000000000000000000000
000000000000000000000000000000
000000000000000000000000000000
000000000001100000000000000000
000000000001100000000000000000
000000000001100000000000000000
000000000001100000000000000000
000000000001100000000000000000
000000000001100111111000000000
000000000001101111111100000000
000000000001111100011110000000
000000000001111000001110000000
000000000001111000000110000000
000000000001110000000110000000
000000000001100000000110000000
000000000001100000000110000000
000000000001100001000110000000
000000000001100011000110000000
000000000001100000000110000000
000000000001100000000110000000
000000000001100000000010000000
000000110000000000000000000000
000000110000000000000000000000
000000000000000000000000000000
000000000000000000000000000000
000000000100000000000000000000
000000000110000000000000000000
000000000100000000000010000000
