000000000000010011000111000100
000000000000110000000000000000
000000000000110000000000000000
000000000000110000000000000000
000000000001100000000000000000
000000000001100000000000000000
000000000001100000000000000000
000000000001100000000000000000
000000000011000000000000000000
000000000001000011100101100000
111110110111100111111011110000
111111111111111111000001100000
011111101111101100000010000000
001000011111111100000111000000
000000000011111111101011100000
000000000110001111111111010000
000000000111001010001111111000
000000000111000100000111011111
100000000111000000000100000001
100000000000000000000010000000
100000000000000000000000000000
000000000000000000000000000110
000000000000000000000000011000
000000000000000000000000011000
000000001100000000000000001000
000000001000000000000110000000
000000000000000000000000000000
000000000000000000000000000000
000000000000000000000000000000
000100000000000000000110010000
