000000000000000000000000000000
000000000000000000000000000000
000000000000000000000000000000
000000000000000000000000000000
000000000000000000000011000000
000000000000000000000011000000
000000000000000000000011000000
000000000000100000000010000000
000000000001110000000000000000
000000000001111000000000000000
000000000001110000000000000000
000000000001110000000000000000
000000000001111111110000000000
000000000001111111111000000000
000000000001111100111100000000
000000000001111000001100000000
000000000001110000001100000000
000000000011111000001110000000
000000000001110000011111000000
000000000001110000001110000000
000000000000110000001100000000
000000000001110000001100000000
000000000001110000001100000000
000000000001110000001100000000
000000000000100000000100000000
000000000000000000000000000000
000000000000000000000000000000
000000000000000000000000000000
000000000010000000000000000000
000001101110000000000000000000
