000000000000000000000000000000
000000000000000000000000000000
000000000000000000000000000000
000000000000000000000000000000
000000000000000000000000000000
000000000000000000000000000000
000000000001100000000000000000
000000000001100000000000000000
000000000001100000000000000000
000000000001100000000000000000
110000000001100000000000000000
000000000001100000000000000000
000011000011111111000000000000
000011111001101111000000000000
000000011001111101000000000000
000000000011110000000000000000
000000000001110000000000000000
000000000000111000000000000000
000000000000110000000000000000
000000000000000000000000000000
000000000000000000000000000000
000000000000000000000000000000
000000000000000000000011000000
000001100000000000000000000000
000001100001100000000000011000
000000000001100000000000011000
000000000011000000000000000000
000000000000000000000000000000
000000000000000000000000000000
000000000000000000010000000000
