000000000000000000000000100000
000000000000000000000000000000
000000000000000000000000000000
000000000000000000000000000000
000000000000000000000000000000
000000000000000000000000000000
000000000000000000000000000000
100000000000000000000000110000
000000000000001100000000110000
000001100000001100001111100000
000001000000001100010111100000
000001000100001000110010000000
000001100000000000101110000111
000000000000000000000100000110
000000000000000000000000001100
000000000000000000000011000000
000000000000000000001111000000
000000000000000000011110000000
000000000000000000011000000000
000000000000000000011000000000
000000000000000000000000000000
100000000100000000000000000000
000100001100000000000000000000
000111110000000000000000000000
001111000000000000000000000000
000100000000001100000000000000
000000000000001100000000000000
000000000000000100000000000000
000010000000000010000000000000
010011000000010011000000000000
