000000000001110000000000000000
000000000000010000000000000000
000000000001110000000000000000
000000000010100000000000000000
000000000001000000001000000000
000000001101100000011100000001
000000001111111100111000000000
000000000011111100011000000000
000000000011111000000000000000
000000000000111000000000000000
000000000000111000000000000000
000000000000111000000000000000
000000000000111000000000000000
000000000000111110000000011001
000000000000111100010011111001
000000000000111000000111000000
000000000000111000001110000000
000000000000111000001110000000
000010000000111000001110000000
000110000000111000001110000000
000111000000111000001110000000
000111000000111000001110000000
000000000000111000001110000000
000000000000111000001110000000
000000000001111100011110000000
000000000001111100011110000000
000000000000000000000000000000
000000000000000000000000000000
000000000000000000000000000000
000001000010010000000000000000
