000000000010111000111111011100
000000000000010110111110111000
000000000000001111011110111000
000000000110001111111111110001
100000000100001111011011000110
011100000010111111111001000111
011100000011111110001000000000
000000000001111100001110000000
000000000001111100000000000000
000000000011111000000000000000
000000000011111001000000000000
000000000001111011100000000000
000000000011111111111000000000
000000000111111111111100000000
000000001011111111111100000000
000000001111111111111100000000
111011111011111000111100011100
110101100111111100111100001110
100011111111111100111100011110
010011111001111000111100001011
111111110111111100111100001111
111111111111111100111100001111
111111111111111100111100111111
101111111111111100111100110111
000000001101111011111110101011
000000000111111111110111010001
000000000101111110001110100010
000000000100010011101011110111
000000001110011111111111111111
000000001111111111111111010110
