000000000000000000000000000000
000000000000000000000000000000
000000000001000000000000000000
000000000001110000000000000000
000000000000111000000000000000
000000000000001100000000000000
000000000000000111000000000000
000000000001100011100000000011
000000111001100000011000000111
000001110001100000001110000110
000000100001100000000111000000
000000000001100000000000110000
000000000001100000000001111000
000000000001101100011001000111
100000000001011100001111111111
000000000001111000011000011000
000000000001100000010000000000
000000000000100000000000000000
000000000000000000000000100000
000000000000000000000001110000
000000000000000000000001100000
000000000000001000000000000000
000000000000001000000000000000
000000000010000000000000000000
000000000111000000000000000000
000000000000000000000000000000
000100000000000000000000000001
001010000000000000000000000001
000111000000000000000000000000
000111000000000000000000000000
