001000001000000000110010000000
001000000111100000110011000000
000000000111100011111110100000
000000000110000100111011100000
000000001111111110111001000000
001000001111111110100100000110
001100011001111101111110000110
000000100001111101001001101111
000000000001111111101011100111
000000000001111111111110000110
000000000001111111111111000110
000000000001111111111111000000
000000000001111111111111000000
000000000001111111111111000000
000000000001111100011111000000
000000000001111100011111000000
000000000001111100011111000000
000000110001111110011111000100
000000110001111101011111001100
100110000001111111111111001111
100110000001111111111111000110
111110100001111111111111001110
101111000001111101111111011111
111110000000000000001111101110
000000000000000000000000001010
000000000000000000000000000110
000000000000000000000000000110
000000000000000000000000000000
000000000000000000000000000000
000000000000000000000000110011
