000000000000000000000000000000
000000000000000000000000000000
000000000000000000000000000000
000000000001000000000000000000
000000000001100000000000000000
000000000011110000000000000000
000000000011111000000000000000
000000000011110000000000000000
000000000001111000000000000000
100000000001110100000110000000
100000000001111000000110011001
000000000001111000100111111011
000000000001111000011110111011
110000000001111000111001101111
111000000001111001111110111111
011000000001111011111111101100
100001100011111111111111110000
111111111101111111111111110000
111011101111011111111111111000
100101101111111111111010111100
000011001111111111011111110000
000011111101111101111111101000
011110101101111110001111111000
111100000101111100001111111000
001100000011111000001111111000
000000000000000000001101111000
000000000000000000000100100000
000000000000000000000110001100
000000000000000000000110111100
001000000000000000000111111000
