000000000000000000000000000000
000000000000000000000000000000
000000000000000000000000000000
000000000000000000000000000000
000001100000000000000000000000
000001000000000000000000000000
000110000001100000000000000000
000110000001110000000000000000
000100000001110000000000000000
000010000001110000000000000000
000010000001110000000000000000
000000000001110000000000000000
000000000001111111110000000000
000000000000111111110000110000
000000000001110011110000000000
000000000001110010010000000000
000000000001110000110000000000
000000000001110000110000000000
000000000001110000111000000000
000000000001110000111000000000
000000000001110000111000000000
000000000001110000111000000000
000000000001110000111000000000
000000000000100000111000000000
000000000000000000111000000000
000000000000000000000000000000
000000000000000000000000000000
000000000000000000000000000000
000000000000000000000000000000
000000000000000000000000000000
