000000000000000000000000000000
000000000000000000000000000000
000000000000000000000000000000
000000000001000000000000000000
000000000011000000000000000000
000000000010000100000000000011
000000000000000110000000000111
000000000000001110000000000110
000000000000001110000010001110
000000000000001110000110001110
000000000000001110000010001110
000000000000011100000000001100
000000000000111100000000001100
000000000000111111111111111100
000000000000011111111111111101
000000000000011000000000011111
000000000000111000000000111000
000000000000111000000000111000
000000000000111000000000111000
000000000000111000000000111000
000000000000110000000000111000
000000000001110000000000110000
000000000001110000000001110000
011000000000100000000000100000
000000000000000000000000000000
000000000000000000000000000000
000000000000000000000000000000
000000000000000001100000000000
000000000000000001100000000000
000000000000000000100000000000
