000000100000000001001100000000
000000000000000000000000000000
000000100000000001000000000000
000001100000000011100001111001
001001100000000011000001010001
001110100000000110000000100000
000011100000000011000000100000
000001000000000001101100000000
000000000000000000111000000000
000000000000000000011000000000
000000000000000000000000000000
000000000000000000000000000000
000000000000000000000000000000
000000000000000000000000000000
000000000000000000000000000000
000000000000000000000000001001
000000000000000000000000000000
000000000000000000000000000000
000000000000000000000110000000
000000000000000000000110000000
000000000000000000000010000000
000000000000000000000000000000
000000000000000000000000000000
000000000000000000000000000000
000000000000000000000000000000
000000000000000000000000000110
000000000000000000000000000110
000000000000000000000000000000
000000000000000000000000000000
000000000000000000000000110100
