000000000000000000000010001100
000000000000000100000100000000
000000000000001110001110000000
000000000000000110000110000000
000000000000000100000000000000
000000000000010010000001000000
000000000000111110000001110000
000000000000111100000011101000
000000000000011100000011111100
000000000000011100001111111010
101001111000111101010011110111
110111111111111111100111111111
000011111111110111000011111111
000000000000111111110001111010
000000000000001111101111110010
000000000000011101000111100111
000000000000111100000011100101
110000000000011100000011101011
111000000001111110000111111111
010000000000111100100111011110
000000000000111100000011000000
001000000000011000000000000000
000000000000000000000000000000
000000000000000000000000000000
000000000000000000000000000000
000000000000000000000000000000
000000000000000000000000000000
000000000000000000000000000000
000000000000000000000000000000
001000000000000000000000000000
