000000000000000000011001001000
000000000000000000011101100001
000000000000000000001011010001
000000000000000000000010000000
000000000000000000000000000000
000000000000000000000001110001
000000000001100000000010111011
000000000001111000000001111000
000000000001111000000001110000
000001011011111001110001110000
000011001111110011111001110011
001101111111111111110001110111
111111101101110110111001110110
111101000001110111100001110110
110100100001111110100011110000
000011010011111111111111110000
000011100011011111111111111000
111110000001111000011101111011
110100000001111000000110110101
001100000001110000000111101111
000000000001110010000001111101
000000000001111000001011110001
000000000001110000000001110001
000000000001111000000001110000
000000000001111000000001110000
000000000001100000000011100000
000000000000000000000011000000
000000000000000000000000000000
000000000000000000000000000000
000000000000011000001011000010
