000000000001100001000000000010
000000000000000000000000000000
000000000000000001100000000000
000000000000100001110000000000
000000000000100001100000000000
000000000001100001000000000000
000000000011000001100000000000
000000000001000001100000000000
000000011000101100100000000000
000000111001011111100000000000
000011000000100111110000000000
000111000001111111110000000000
001111000011110001100000000000
100110000011000000000000000000
000000000000000000000000000000
000000000000100000100000000000
000000000000110001100000000000
000000000001111011100000000000
000000000001110001000000000000
000000000000000000000000000000
000000000000000000000000000000
000000000000000000000000000000
000000000000000000000000000000
000000000000000000000000000000
000000000000000000000000000000
000000000000000000000000000000
000000000000000000000000000000
000000000000000000000000000000
000000000000000000000000000000
000000000000000000000000000000
