110000000000000000010010000000
100000000000000000110000000000
000000000000000000011100000000
000000000000000000001010000000
000000000000000011000000000000
000000000000000000000110100000
000000000000000000000111110000
000000000000000000000011110000
000000000000000010000000110000
000000000000000000000000000000
000000000000000000000000000000
000000000000000010000000000000
000000000000000110000001100000
000000000000001100000001100100
000000000000001110000011000000
000000000000001100000001000000
000000000000001100000001100000
000000000000001100000011100000
000000000000001000000111100011
000000000000011000001011000010
000000000000011000010110000000
000000000000011100111110000000
000000000000000001000000000000
000000000000000000000000000000
000000000000000000000000000000
000000000000000000000000000000
000000000000000000000000000000
100000000000000000000000000000
000000000000000000000000000000
000000000000000000000000000000
