000000000000000000000011000000
000000000000000000000010000000
000000000000000000000000000000
000000000000000000000000000000
000000000000000000000000000000
000000000000000000000000000000
000000000000010000000001000000
000000000000110000000011100000
000000000000010000000011100000
000000000000010000000001000001
000000000000010000000000000001
000000000000111000000001000000
000000000000111000000000000000
000000000000010000000000000000
000000000000111000000011000000
000000000000011111100111101100
000000000000010101000101100110
000000000000011011100011100110
000011000000010111000001000100
000000000000011110000000000000
000000000000011000000000000000
000000000000000000000001000000
000000000000000000000000100000
000000000000110000000001000000
000000000000100000000000000000
000000000000110000000000000000
000000000000110000000000000000
000000000000100000000000000000
000000000000000000000000000000
001011000000000000000000000000
