101000000001010101001100101110
000000000000000000001111000100
100001100000100110001110000000
110101110000111111111110000000
111111110011111011110110011100
101111101011111111100111111100
010101111111111111000111111000
101111110111111110011111111000
000111100111111101111111111000
000111110111111101111011111100
111100011001111111111111111011
011111101001111111111011111100
110111111001111111111111111000
101101011001111111111111111100
000011100011111111111111111100
000000000011111111111111111111
000000000111111111111111111010
000000000111111111111011111100
000000000001111111110011111000
000000000011111110100111111000
000000000101111111000111111000
000000000111111110001111111000
000000000011111100000111111000
000000000111101000000000111000
000000000110000000000000000000
000000000101000000000000000000
000000001100000000000000000000
000000001100001100000000000000
000000001000011100000000000000
000000001101011100000000000000
