000000000000000000000000000000
000000000000000000000000000000
000000000000000000000000000000
000000000000000000000001000000
000000000000000000000000000000
000000000000000000000000000000
000000000001111111111110000000
000000000001111110111110000000
000000000001111110111111000000
000000000001111111111111000000
000000000001111110111111000000
000000000001111111111111000000
000000000001111111111111000000
000000000001111110111111000000
000000000001111100111111000000
000000000001111101111111000000
000000000001111111111111000000
000000000001111111111111000000
110000000001111110111111000000
110000000001111110111111000000
000011000011111110111111100000
000010100001111110111111110000
000001100000011111011000001100
000000000000111110111110001100
000000000001111110111111000000
000000000001111110111111000000
000000000000111110111111000000
000000000000000000000000000000
000000000000000000000000000000
110001000000000000000000000000
