000000000000000100000000000000
000000000100000000000110000000
000000000011000000000111000000
000000000111000000000110000000
000000001100000000000110000000
000000001110100000000111000000
000000000101111000001111000000
000000000011111000001111000000
000000000001111000001111000000
111000000011111011001111000000
111000000001111101001111000000
100000000001111110011111000000
110000000001111110011111000000
110000000001111100111111000000
000000010001111111111111000000
000000010011111111111111000000
000000001111111111111111000000
000000011011111010101111000000
000000010111111001001111000000
011110001011111000101111000000
111111110111111100111111000000
111111101101111011111111000000
101111111111111001111111000000
000000001111111000001111000000
000000001111111000001111110001
000000001011000001100000111011
000000000111000000000111111111
000000000000011000011110001111
000000000000011100011000001101
000000000110111100000001000110
