000100000001110001110000000000
000000000001110001110000010000
000000000001110001110110110011
000001101001110011111111100011
011001111111111111110100000000
111111111101111111111000000000
110011111111011001110000000000
001110000001111111110000000000
001100000001111111111001000000
000000000001111111110000000110
000000000001111111110000000010
000000000001110111110000000000
000000000001110001110000000000
000000000001110001110000000000
000000001101110001110000000000
000000001101110001110000000000
000000000001110001110000000000
000000000001110001110000000000
000000000000100000100000000000
000000000000000000000000000000
000000000000000000000000000000
000000000000000000000000000000
000000000000000000000000000000
000000000000000000000000000000
000000000000000000000000000000
000000000000000000000000000000
000000000000000000000110000000
000000000000000000001100000000
000000000000000000000000000000
000000000000000000001100000000
