011101110100111110010000000000
110110010001100000000000000000
010100000000110000000000000000
111100000000111000110000000000
111001000000001101110000000000
101111001001001111110000000000
101111011011110111010000000000
111111111101011111110000000000
010111111111111111111100000110
111011011111111111101111100110
111011011010011111111111111111
111111111111111111101011101111
001101100110111111100001111110
011111011111011110011011111011
111110111111111110110101011111
011101101111011101111111111011
000001111111111111011111111100
000011111011111111101110101100
000011111111111111110111001100
000011111111111111110001000000
000001101111111111111001110000
000111000111111111010011111000
100010111011111101111001110100
100001111111111101111111011100
000001111111110111101110011100
011111101011010111101111011000
111101110000011111001010001000
111110110001111111111111111000
111110011101110111111111111100
011101101111111111011111011100
