000000000000000000000000000000
000000000000000000000000000000
000000000000000000001000000000
000000000000000000000000000000
000000000000000000000000000000
000000000000000000000000000000
000000000000000000000000000000
000000000000000000000000000000
000000000000000000000100000000
000000000000111111111111000000
000000000001111111111111000000
000000000000111111111110000000
000000000000000111001000000000
000000000000000111000000000000
000000000000000111000000000000
000000000000000111000000000000
000000000000000111000000000000
000000000000000111000000000000
000000000000001111000000000000
000000000000001111000000000000
000000000000001111000000000000
000110000000001111000000000000
000110000000000111000000000000
000000000000000111000000000000
000000000000000111000000000000
000000000000000111100000000000
000000000000000111110000000000
000000000000111111111100000000
000110000001111111111110000000
000110000001111111111110001100
