000000000000000000000000000000
000000000000000000000000000000
000000000000000000000000000000
000000000000000000000000000000
000000000000010000000000000000
000000000000000000000000000000
000000000000000000000000000000
000000000000000000000100000000
000000000000001111111110000000
000000000000011111111110000000
000000000000011111111100000000
000000000000001101100000000000
000000000000000001110000000000
000000000000000001110000000000
000000000000000011110000000000
000000000000000011110000000000
000000000000000001110000000000
000000000000000000110000000000
000000000000000000110000000000
000000000000000001100000000000
000000000000000001110000000000
000000000000000001110110000000
000000000000111111111111111100
000000000000111111111111111101
000000000011111111111111101111
100000000101111111111100001100
100000000001111000001100000000
000000000000000000000000000000
000000000000000000000000000000
000000001000000100000000000000
