000000001110011011011110111110
000000001110011110111010111011
000000001011101111111111101101
000000001101111111110111011110
000000001100111100111011111111
000000001100011011111011011111
000000001111111110101111111111
000000001111111111111111011111
111111111110110111111101111111
110111110111011111111100111111
111110011101111011111000111111
001111111111111101110000111111
110111111011101101110000011111
111111011001011101111100111010
111011111001111101111100111011
011111111001111011111100110111
111111110111110111111111111111
110111111111111111111111000000
011110111111111111111111100001
111111011111111101111111000000
101110001111111111111011000000
000000001111111111111111100001
100011000111111111111111000000
000011000011101111001011000000
000000000000000001111111000000
000000000000000011111111000000
000000000000000011111111000000
000000000000000011111111000000
000000000000000010111111000000
000000000000000011011111000000
