000000000000000000000000011111
000000000000011001110111111000
000100000000011001101011100000
000000000000000000011000100000
001000000000000000001001000000
000000000000000000000010000000
000000000000000000000000000000
000000000000000000000000000000
000000000000000000000000000000
000000000000000000000000000000
000000000000000111100000000000
000000000000000111100000000000
000000000000000000000000000000
000000000000000000000000000000
000000000000000010000000000000
000000000000000010000000000000
000000000000000000000000000000
000000000000000000011000000000
000000000000000000011000000000
000000000000000000000000000000
000000000000000000000000000000
000000000000000000000000000000
000000000000000000000000000000
000000000000000000000000000000
000000000000000000000000000000
000000010000000000000000000000
000000111000000010000000000000
000000011000000010000000000000
000000000000000000000000000000
000000000000011100111100000000
