000111000000100000000000000000
001001000000000000000000000000
010100100000100000000000100100
001111011111100000000001110110
111111101101000000000000100000
101000010000000000000000000000
100000000000000000000000000000
000000000000000000000000000000
000000000000000000000000000000
000000000000100000000000010100
000000000001100000000000011000
000000000011000000000000000000
000000000011000000000000000000
000000000001100000000000000000
000000000000000000000000000000
000000000000100000000000000000
000000000001110000000011000000
000000000011110000000110000000
000000000000000000001100000000
000000000010000000011010000000
000000000001100000011101000000
000000010101000000010001100000
000000111110110000111001100000
000000011101110011111001100000
000000001111110110001001000000
000000011101001110000011000000
000000010111000101000111100000
000000000010000011110000000110
000000000001000000110000000110
000000010011100000100000000100
