000000000010001000110000000000
000000000000001111100000000000
000000000000001111110000000000
000000000000001101100000000000
000000000000000110000000000000
000000000000100100100000000000
000000000000110011111000000000
000000000000110011110000000000
000000000000110000000000000000
000000000000110000000000000000
000011000001110000000000000000
000011000001110001000000000000
110000001110100001000000000000
100000111111110000000000000000
000000111111110000000000000000
000000000010111110001100000000
000000000011110110000111100000
000000000001111000011101100000
000001110000110001111000000000
000001000000110000000000000000
000000000000110000000000000000
000000000000110000000000000000
000000000000110011110000000000
000000000000000001110000000000
000000000000000000100000000000
000000000000000011100000000000
000000000000000011100000000000
000000000000000000110011111111
000000000000000000011101111111
000000000000000001001010000001
