000000000000000000000000111000
000000000000000000000000001100
000000000000000001110000001110
000000000000000001111000001000
000000000000000000100000000001
000000000000000000000000000011
000000000000000000000000000001
000000000000000001011010000000
000000000000011111111111000000
000000000000111111111110101000
000000000000111111111110011100
000000000000011111110100011110
000000000000000111111000011100
000000000000000011111000000100
000000000000000111110000011000
000000000000000111110000101111
000000000000001111110000111101
000000000000011111111000111110
000000000000011011111000011000
000000000000101011110000110010
000000000001111001011001011111
000000000011110001110110110100
000000000001101001111000001001
000000000101111111111111100101
000000000111111111111111100010
000000000011111111111111000000
000000000001111111111101000000
000000000011111111000010001100
000000000111111111000111001100
000000001011100000000011000000
