000000000000000000000110000000
000000000000000000000000000000
000000000000000000000000000000
000000000000000000000000000000
000000000000000000000000000000
000000000000000000000000000000
000000000000000000000000000000
000000000000000000000000000000
000000000000000000000000000000
000000000001111111111110000000
000000000001111111111111000000
000000000001111111111110000000
000000000000000111100000000000
000000000000000111100000000000
000000000000000111100000000000
000000000000000111100000000000
000000000000001111100000000000
000000110000001111100000000000
000000100000000111100000000000
000000000000001111100000000000
000000000000001111100000000000
000000000000001111000000000000
000000000000001111100000000000
000000000000001111100000000000
000000000000001111100000000000
000000000000001111100000000000
000000000000001111100000000000
000000000000111111111111000000
000000000001111111111111000000
000000000001111111111110000000
