000000100000000100000000110000
000000000000000000000000000000
000000000000000000000000000000
000000000000001000000000000000
000000000000011000011110000000
000000001100111110001000000000
000000001100111111000000000000
000000000100111111111000000000
000000000000011110111110000000
000000000000111110101110000000
000000000001011111110000011111
000000000000111110000000011111
000000000000111110000000000111
000000000000011110000000000110
000000000011111110000000000001
000000000001111110000000000011
000001000001011110011011111101
000001100011011111011111011000
000001000001111110001111000000
000000000101011100000110000000
000000000111011110000000100000
000000000011011110000011110110
000000000011111111100011111111
000000000001100101100000000000
000000000000000011100000000000
000000000000000000000000000000
000000000000000000000000000000
000000000000000000000000000000
000000000000000000000000000000
000000000000000010000000000000
