000000000000000000000000010100
000000000000000000000000000001
000000000000000000000000000010
000000000000000000000000000000
000000000000000000000000000000
000000000000111000000000000100
000000000000111100000000000000
000000000000111100000000000000
000000000000111110000000000001
000000111111111100000000100000
000000111111111000000000000000
000000010000111111100000000000
100000110000111101100111000000
000001110000111000000111100011
000000100000111100000000000011
100000000000111100000000000000
000000000000111100000000000000
000000000000111100000000000000
000000000000111100000000000000
000000000000111100000000000000
000000000000111100000000000000
000000000000111100000000000000
000000000000011000000000000000
000000000000000000000000000000
000000000000000000000000000000
000000000000000000000000000000
000000000000000000000000000000
001000000000000000000000000000
000000000000000001100000000000
000000000000000001110000000000
