000000000000100000000001010011
000000000000000000000000000000
000000000000000000000000000000
000000000000000000000001110000
000000000000000000000001110000
110000001111111101111000000000
111000001111111010110100000000
111000000011111111111000000000
000000000000000111010000001000
000000000000000000000000001100
000000000001000000000000001100
000000000001000000000001000000
000000000001110000001111000000
000000000001110000011100000000
000000000011100000011100000000
000000000001110000000000000000
000000000001110000000000000000
000000000001111000000000000000
000000000001110000000000000000
000000000001110000000000000000
000000000001110000000000000000
000000000001111000000000000000
000000000011111110000000000000
000000000111111110000000000000
001100001111110000000000000000
111100001100100000000000000000
001000000000000000000000000000
001000000000000000000000000000
011000000000000000000000000000
001111111111111111000000000000
