111000010111001110000000000000
100000101111100100000000000000
000000000101111110000000000000
110000001000111110000000000000
110000000101111100000000000000
110000000011111100000000000000
000000100011111100000000000000
100000000001111100000000000000
110000100000111110000000000001
111101100001111111000000001010
001111110111111111100000011110
011011011111111111000000001111
011111111111111111000000001110
001011111111111111100000011111
100000111111111111000000001011
010000100001111110000000001111
111011111111111100111111110111
111111111111111111111111110101
111100111111111111111111110111
011010111111111111111111111111
111111111111111111111011100111
111110011111111111110111111110
111011111011111111001111101001
101110111110000001111111010011
110110101100000001111111010011
101111101000000000111110011011
011111110000000000111011101111
001101110000000000111011110111
001101111100000000111011101001
001101111100000000111110110101
