011000100010011001001111000000
011101111110000000000001000000
011101111100000110000000000000
001110111110011111100000000000
010111110111111111110000110000
111111111110110111100001110000
100011011110011111110001110000
000001111110001111110000100000
000000000000111110100000000001
000000000110111111000000011111
111111111111111111111111111111
111101111110100001111111111100
000000000000111110000000000001
000000000000111100000000000001
000000000000111110000000000001
000000000010111100000000000001
111111110111111110011110011011
110110110011111110011110111111
111001111110111101111111111010
000000100111111111111010111001
101001111111111111110111010011
111111001011111101000000111101
111011110011111111000000101110
000101010011111110111011001100
000011001001111101011110011101
111111111111111111111111111111
111111111111111110001011011111
000011101111111111001111111111
000001010110000111000111001101
000001110110000010110001100010
