000000000000000000000000000000
000000000000000000000000000000
000000000000000000000000000000
000000000000000000000000000000
000000000000000000000000000000
000000000000000000000000000000
000000000000000000000000000000
000000000000000000000000000000
000000000000100000000000000000
000000000000110000000000000000
000000000000100000000000000000
000000000000000000000000000000
000000000000000000000000000000
000000000001100000000000000000
000000000000110000000000000000
000000000000110000000000000000
000000000000111000011000000000
000000000000110110000000000000
000000000000110000000000000000
000000110000110000000000000000
000000110000110000000000000000
000000000000110000000000000000
000000000000110000000000000000
000000000000111000000000000000
000000000000111000000000000000
000000000000110000000000000000
000000000000000000000000000000
000000000000000000000000000000
000000000000000000000000000000
000000000000000000000000000000
