000000000000000000000000000000
000000000000000000000000000000
000000000000000000000000000000
000000000000000000000000000000
000000000000000000000000000000
000000000000000000000000000000
000000000001111100000000000000
000000000001111110000000000000
000000000001111100000000000000
100000000010000000000000000000
000000000001111100000000000000
000000000001111101110000000000
000000001001001000110000000000
000000011101111100000000000000
000000000011111100000000000000
000000000001111110000000000000
000000000001111110000000000000
000000000011111110000000000000
000000000111111110000000000000
000000000011111110000000000000
000000000001111110000000000000
000000000001111110000000000000
000000000001111110000000000000
000000000001111110000000000000
000000000001111110000000000000
000000000001111110000000000000
000000000001111100000000000000
000000000000000000000000000000
000000000000000000000000000000
000000000000000000000001000000
