110000000000111000110000000000
000000000000110000000000000000
000000000000100000000000000000
000000000000110011000000000000
011000000000010110110000000000
001100000000000111110000000000
011100000000000001100000000000
111000000000000001000000000000
101000000000110000000000000000
111110101001100000000000000000
010111011001100010000000000000
000000001111111100000000110000
000000011011101110000001111000
000000110011000100011110110000
001000110011111110001111100000
111101010011011100000001100000
110110111110111000000000000011
110000010111111000000000000111
100000110101101100110110011100
000001100000011000111111011010
100001000000010100110100111111
110000000010001011111111101111
001101000111000000000000000011
011111111111000000000000010000
111110110110000000100000011000
111011101101110001110000011000
101011011011110001110000011000
011011000011100000100000011000
100100000100000000000000110000
100010001100010000010001001000
