000000000000000000000000000000
000000000000000000000000000000
000000000000000000000000000000
000000000000000000000000000000
000000000000000000000000000000
000000000000000000000000000000
000000000000000000000000000000
000000000000000000000000000000
000000000000011100000000000000
000000000000111100000000000000
000000000000010000000000000000
000000000000111110000000000000
000000000000111111001100000000
000000000000111111001100000000
000000000000111110000000000000
000000000000111110000000000000
000000000000111110000000000000
000000000000111110000000000000
000000000000111110000000000000
000000000000111110000000000000
000000000000111100000000000000
000000000000111110000000000000
000000000000111111011000000000
000000000001110010011000000000
000000000000111100000000000000
000000000000111110000000000000
000000000000011100000000000000
000000000000000000000000000000
000000000000000000000000000000
000000000000000000000000000000
