101011000000000000000000000000
000111100000000000000000000000
000001100000000000000000000000
110000100000011000000000000000
110001000000111000000000000000
000001000000111000000000000000
100000000000111000000000000000
000000000000111000000000000000
100000000000001000000110001111
100000110000000000001101111111
000000011100001000001110111000
100000111111111100000001001110
000000010011111111000001111111
000000000000011101110001111111
000000000000011000110100111111
000000000000011100011111100001
001000000000011100011010011011
011100000000111000000010011111
001000101100111110000000001111
011111110110011000000000011000
011101100001011000000000010100
000000000001111100000110111110
000000000011111111100011111001
000000000000000011110011111111
000000000100000011010110111111
000000001111000000001110011111
000000000011111000010110001101
000000000001111100111100000000
000000000000101100111110000000
000000000011001001111111000100
