000000000000000000000000000000
000000000000000000000000000000
000000000000000000000000000000
000000000000000000000000000000
000000000000000000000000000000
000000000000000100000000000000
000000000000000100000000000000
000000000000000000000000000000
000000000000000000000000000000
000100000000000000000000000000
000010000000011100001000000000
000000000000011100000000000111
000000000000011100000000001010
000000000000111100000000001100
000000000000111000000000000000
000000000000111000000000000000
000000000000111000000000000000
000000000000110000000000000000
000000000001111000000000000000
000000000001111000000000000000
000000000001110000000000000000
000000000001110000000000000000
000000000001110000000000000000
000000000000100000000000000000
000000000000000000000000000000
000000000000000000000000000000
000000000000000000000000000000
000000000000000000000000000000
000000000000000000000000000000
000000000000000000000000000000
