000000110111011111000000000000
000000000110001111100000000000
000000001111111111100000000000
000000001111101111100000000000
110000001111111111110000000000
100000001100001111000000000000
000000011000001111000000000000
000000010001101111010000000000
100000101101111111111000011110
111111111111111111111111111111
111011010101011111111111101110
011111011100101111111001111110
111111111000111111101011101111
101110110100011111111011011111
000111000111111111111001110111
000011111111111111111100111110
111101111111111111001010010110
011100111111111111001111000110
101110011111111101001111110010
011110001110011000011111110111
010100010100001000000011010111
011000011100111001000011111010
111011111111010011100001101100
100011110011110101100001111111
000000000000011010100001110111
000000000000010100001001111101
000000000000111100011111111011
000000000011111100010111010111
000000000111111110001111011011
110100101100111111001010111011
