000000000000000000000000000000
000000000000000000000000000000
000000000000000000000000000000
000000000000000000000000000000
000000000000000000000000000000
000000000000000000000000000000
000000000000000000110000000000
000000000000000001111000000000
000000000000000001111000000000
000000000000000001111000000000
000000000000000001111000000000
110000000000000001111000000000
110000000000000001111000000000
000000000000000001111000000000
000000000000000001111000000000
000000000000000001111000000000
000000000000000001110000000000
000000000000000001110000000000
000000000000000001110000000000
000000000001100001110000000110
000000000011110011110000000110
000000000011111111110000000000
000000000011111111110000000000
000000000001111111100000000000
000000000000111111000000000000
000000000000011110000000000000
000000000000000000000000000000
000000000000000000000000000000
000000000000000000000000000000
000001000000000000000000000000
