011010100000000000000000000000
000000000000000000000000000000
000000011011000000000000000000
010000001110000000000000000000
111000001000001100000000000000
010000010000000000000000000000
110000011000000000110000000000
110000111000000000110000000000
111010010000000010000000000001
110000000000000111000000011000
010011000000000100010100000001
011111000000000000000000000001
001010000000000000000000011000
000100000000000000000110011001
000100000000000000000110011101
000000000000000000000000011011
000000000000000000001000010010
000000000000000000000000011110
000000000000000000000000001110
000000000000000000000000000000
110000000000000000111110000000
111000000000000000011110000011
111100000001100000011100000011
111100001101110000011000000011
000000111100110000110000000001
000000111000110000000000000011
000000000000001000000000000110
000000000001111000000000000111
000000000001011000000000000000
000000000001011100000000010011
