000000000000000000000000000000
000000000000000000000000000000
000000001100000000000000000000
000000000000000000000000000000
000000000000000000000000000000
000000000000000011110000000000
000000000000000111111000000000
000000000000000111111000000000
000000000000000111111000000000
000000000000000111111000000000
000000000000000111111000000000
000000000000000111111000000000
000000000000000111111000000000
000000000000000111111000011000
000000000000000111111100010000
000000000000001111111000000000
000000000000000111111000000000
000011000000000111111000000000
010010000000001111111000000000
000000000011111111111000000000
000000000011111111110000000000
000000000011111111100000000000
000000000001111111000000000000
000000000000000000000000000000
000000000000000000000000000000
000000000000000000011000000000
000000000000000000011000000000
000000000000000000000000000000
000000000000000000000000000000
000000000000000000000000000000
