000000000000000000000000000000
000000000000000000000000000000
000000000000000000000000000000
000000000000000000000000000000
000000000000000000000000000000
000000000000000001000000000000
000000000000000001110000000000
000000000000100001110000000000
000000000001110001110000000000
000000000000100001110000000000
000000000000000011110000000000
000000000000000001110000000000
000000000000000001110000000000
000000000000000001111000000000
100000000000000001111000000000
100000000000000001110000000000
000000000000000001110000000000
000000000011100011110000000000
000000000001000001111001100001
000000000001100011110000111111
000000000011110011111011111111
000001000111111111110000000000
000000000011111111110000000000
000000000001111111100000110000
000000000000111111000000100000
000000000000000000000000000000
000000000000000000000000000000
000000000000000000000000000000
000000000000000000000000000000
000100000000000000000000000000
