000000000000000000100000000000
000000000000000000000000000000
000000000000000000000000000000
000000000000000000000000000000
000000000000000000000000000000
000000000000000000011000000000
000000000000000000111110000000
000000000000000000111110000000
000000000000000000011110000000
000000000000000000011110000000
000000000000000000011111000000
000000000000000000011101000000
000000000000000000001100000000
000000000000000000011100000000
000000000000000000111100000000
000000000000000000111100000000
000000000000000000111000000000
000000000000000000111000000000
000000000001100001111000000000
000000000011110001111000000000
000000000011110001111000000000
000000000011111111110000000000
000000000001111111110000000000
000000000011111111100000000000
000000000001111111100000000000
000000000000000000000000011100
000000000000000000000000011100
000000000000000000000000000000
000000000000000000000000000000
000000000000000000000000000000
