000000000000000000000000000100
000000000000000000000000000000
000000000000000000000000000000
000000000000000000000000000001
000000000000000000000000000011
000000000000000000000000000000
000000000000000000000000000000
000000000000000000011100000001
000000000000000000011110000000
000000000000000000011110000000
000000000000000000011110000000
000000000000000000011110000000
000000000000000000011110000000
000000000000000000111110010000
000000000000000000111110011000
000000000000000000111110000000
000000000000000000111110000000
000000000000000000111110000000
000000000001110000011110000000
000000000011111000011110000000
000000000111110000111110000000
000000000111111000111110000000
000000000011111000111110000000
000000000011110000110110000000
000000000011111101111110000001
000000000001111111111100000000
000000000000111111111000000000
000000000000000000000000000000
000000000000000000000000000000
001000000000000000000000000000
