000000000000000000000000001000
000000000000000000000000000000
000000000000000000000110000000
000000000000000000001011000000
000000000000000000001111000000
000000000000000000001111101000
000000000000000000011011000000
000000000000000000001110000000
000000000000000000011100000000
000000000100000010111110000000
001011100011100111111100000000
011101100001000000111000000000
001000000011000001111000000000
000000000011000011110000000000
000000000011000111100000000000
000000000011000111000000000000
000000000011001110000000000000
000001000000001000000000000000
110001001100000000000000000000
110000001110000010000000000000
000000011111101100000000000000
000000010011111100000000000000
000000100011100110000000000000
000001100001001100000000110000
000001000000001100000000110011
000000000000000000000000000011
000000000000000000000000000000
000011000000000000000000000000
000011000000000000000000000000
010010000000001100011000000000
