011110000000000000000000000000
011100000000000000000000000000
001100000000000000000000000000
000010000000000000000000000000
110011000000000000000100000000
111001100000000000001100000000
111001100000000000001100000000
111001011000000000001100000000
111001111000000000011110000000
111000100000000001001100000000
111100000000000000000100000000
111110100001000000000100000000
111101110001100000000100000000
111001110000110000000000000001
111001100000011000000100111111
111000000000001100011110111110
111000000001000111111100000000
111000001101101010110110000000
111000001110000111101100000000
111100000000000010111100000000
111000000000000001111100000000
111000000000010010111100000000
111000000000111111111110000000
011000000000111111100111000000
000000011000000000000011000000
000000011000000000000000000000
000000001000000000000000000000
000000000000000000000000000000
000000000000000000000000000000
000000000000000000000000000000
