000000000000000000000000000000
000000000000000000000000000000
000000000000000000000000000000
000000000000000000000000000000
000000000000000000000000000000
000000000000000000000000000001
000000000000000000000000000000
000000000000000011000000000000
000000000000000111100000000000
000000100000000011000000000000
000001000000000011000000000000
000111100000000011000000000000
000111100000000111100000000000
000000000000000011000000000000
000000000000000011000000000000
000000000000000001000000000000
000000000000000000000000000000
000000000000000001000000000000
011000000000000011100000000000
011000000000000001000000000000
000000000000000011000000000000
000000000110000011000000000000
000000011111111111000000000000
000000000011110110000000000000
000000100001111100000000000000
000000000000000000000000000000
000000000000000000000000000000
000000000000000000000000000000
000000000000000000000000000000
000000000000000000000000000000
