110100000000000000001010101010
111111000000000000011010000001
111111000000000000110101000001
101101000000000001111000000001
100000100000000001011000000000
110001000000000000101000000001
111000000000000001111100000001
110100000000000001111111000000
001101110000000000111110000000
011111101000000000111110011000
101110111000111000111100000000
001100111100111000111000000001
001110111010111000111000001011
010111101111111101111100010111
001101110111000001111100011110
000011110011000001111000000001
000000001100011111110001000000
000000001100111111110000000000
000000001011010111111010000000
000000000111101101110001000000
000000000111111111100011000000
000000000111111111111111000000
000000000001111111111100000000
000000000011111111000100000000
000000000111111110001100000000
000000000110011011101110000000
000000000000011011111010000000
000000000110001111001100000000
000000000110000111011100000000
000000001011011100001100000000
