000000000000100110000000000000
000000000000000100000000000000
000000000000000110000000000000
000000000000000110000000000000
000000000000000100000000000000
000000000000000110000000000000
000000000000000000000000000000
000000000000000000000000000000
000000000000000000000000000000
000000000000000110000000000000
000000000000000010000000000000
000100000000000110000000000000
000110000000000110000000000000
000000000000000110000000000000
000000000000000110000000000000
000000000000000110000000001000
000000000000000100000000011000
000000000011001000000000000000
000000110011000000000000000000
000001110010000011000000000000
000000000000001111000110000110
000000000001011111101110000110
000000000011110000000000000110
000000000000000000000000000000
000000000000000000000000000000
000000000000000000000000000000
000000000000000000000000000000
000000000000000000000000000000
000000000000000000000000000011
000000000000000000000000000010
