000000000000000000000000000100
000000000000000000000000000000
000000000000000000000000000000
000000000000000000000000000000
000000000000000000000000000000
000000000000000000000000000000
000000000000011001100000000000
000000000000111111100000000000
000000000000011101000000000000
000000000000000000000000010000
000000000000000000000000110000
000000000000000001100000110000
000000000000000001100000000000
000000000000000001100000000000
000000000000000001100000000000
000000000000000001100000000000
000000000000000001100000000000
000000000000000001100000000000
000000000001100111100000000000
000000000001111111000000000000
000000000000011110000000000000
000010000000000000000000000000
000011000000000000000000000000
000011000000000000000000000110
000110000000000000000000000110
000110000000000000000000000000
000000000000000000000000000000
000000000000000000000000000000
000000000000000000000000000000
000000000000000000000000000000
