000000000000000000000000000000
000000000000000000000000000000
000000000000000000000000000000
000000000000000000000000000000
000000000000000000000000000000
000000000000000000000000000000
000000000000000000000000000000
000000000000000000000000000000
000000000000000000000000000000
000000000011111111111110000000
000000000001111111111110000000
000000000000000000111100000000
000000000000000000011000000000
000000000000000000111000000010
000000000000000000111000000000
000000000000000000111000000000
000000000000000000111000000000
000000000000000000111000000000
000000000000000000111000000000
000000000000000000111000000000
000000000000000000111000000000
000000000000000000111000000000
000000000001000000111000000000
000000000011100000111000000000
000000000011110001110000000000
000000000001111111100000000000
000000000000111111000000000000
000000000000000000000000000000
000000000000000000000000000000
000000000000000000000001000000
