000000000000000001000000000000
000000000000000010000000000000
000000000000000000000000000000
000000000000000000000000000000
000000000000000000000000000000
000000001000000000000000000000
000000011001111110001100000000
000000011011111111011111100000
000000000001111110001110000001
000000000001001100000000000011
000000000001111110000000000011
110000000001111111000000000000
000000000001111110000000000000
000000000001111110000000000000
000000000001111111100000000000
000000000011111111100000000000
000000000001111110000000000000
000000000001111110000000101111
000000000001111110000000011010
000000000001111110000000000000
000000000001111110000000000000
000000000001111110000000000000
000000000001111110000001000000
000000000001111110000000000000
000000000001111110000000000000
000000000001111110000000000000
000000000011111110000000000000
000000000011111110000000000000
000000000001111100000000000000
000000000000000000000000000000
