010000011001000000000000001100
000000011000000000000000001100
000000001000000000000000000100
000000000000000000000000000000
000000000000000000000000000000
000000000000000000000000000000
110000000000000000000000000000
000000000000000000000000000000
000000000000000000000000000110
000111101100000000000000001111
000111111100000000000000000011
000001111110110000000000000010
000000000100110001110000110110
000000000000000001110000101110
000000100000000000000000001111
000001000000000000000000000000
001111000011100000000000000000
000111000011100000000000000000
000000000000000111000000011000
000000000000000010000000011000
000000000000000000000000000000
000000000000000000000000000000
000000000000000000000000000000
000000000000000000000000000000
000000000000000000000000000000
000000000000000000000000000000
000000000000000000000000000000
000000000000000000000000000000
000000000000000000000000000000
100000000000000000000000000000
