000000000000000000000000000000
000000000000000000000000000000
000000000000000000000000000000
000000000000000000000000000000
000000000000111000000000000000
000000000001111100000000000000
000000000001111100000000000000
000000000000111100000000000000
000000000000000100000000000000
000000000000111100000000000000
000000000001111100000000000000
000000000001111100000000000000
000000000001111100000000000000
000000000001111100000000000000
000000000001111100000000000001
000000000001111100000000001111
000000000001111100000000010000
000000000001111100011101100000
000000000001111111111000110000
000000000001111111000000011100
000000000111111100000000000000
000000111111111100000000000000
001000110001111100000000000000
000000001111111100000000000000
000000001111111100000000000000
000000000111111000000000000000
000000000000000000000000000000
000000100000000000000000000000
000001100000000000000000000000
000011000100000000001000000000
