000000000000000000000000000000
000000000000000000000000000000
000000000000000000000000000000
000000000000000000000000000000
000000000000000000000000000000
000000000000000000000000000000
000000000000111111000000000000
000000000001111111000000000000
000000000000111110000000000000
000000000000000000000000000000
000010000000111100000000000000
000011000001111100000000000000
000011000001111100000000000000
000000000001111110000000000000
000000000001111111000000000000
000000000011111100000000000000
000110000001111100000000000000
110110000001111100000000000000
110000000001111110000000000000
000000000001111110000000000000
000000000001111100000000000000
000000000001111110000000000000
000000000001111110000000000000
000000000001111100000000000000
000000000001111100000000000000
000000000011111100000000000000
000000000111111100000000000000
000000000111111100000000000000
000000000011111000000000000000
000000000000000000000000000000
