000000000000000000000000000000
000000000000000000000000000000
000000000000000000000000000000
000000000000000000000000000000
000000000000000000000000000000
000000000000000000000000000000
000000000000000000000000000000
001000000001100000000000000000
011000000000110000000000000000
001000000000111000000000000000
000000000000001100000110000000
000000000000000110000110000000
000000000000111100000000000000
000000000001111000000000000000
000000000001111000000000000000
000011000001111000000000000000
000011000001111100000000000000
100010000001111000000000000000
100000000001111100000000000000
000000000001111000000000000000
010000000001111000010000000000
010000000001111100110000000000
000000000000111100000000000000
000000000001111000000000000000
000000000001111000000000000000
000000000001111000000000000000
000000000001111000000000000000
000000000011111000000000000000
000000000111110000000000000000
000000000111100000000000000000
