000000000000000000000010000000
000000000000000000000000000000
000000000000000000000000000000
000000000000000000000000000000
000000000000000000000000000000
000000000000000000000000000000
000000000000110000000000000000
100000000000000000000000000000
100001000000000000000000000000
000001100000000000000000000000
000000110001110000000000000000
000000000001111000000000000000
000000000001110000000001110000
000000000000110000000010111000
000000000000110000000110000000
000010100001111110001111000000
000111000000110100000000000000
000011000000111100000000000000
000000000000111100000000000000
000000000000111100000001100000
000000000000110000000001100000
000000000000110000000000000000
000000000111110000000000000000
000000001111111100000000000000
000000001001111100001110000000
000000001111110000001110000001
000000001111000000000000000001
000000000000000000000000000000
000000000000000000000000000000
000000100000000000000000000100
