000000000000000000000000000000
000000000000000000000000000000
000000000000000000000000000000
000000000000000000000000000000
000000000000000000000000000000
000000000000000000000000000000
000000000000100000000000000000
000000000000100000000000000000
000000000000000000000000000000
000000000000000000000000000000
000000000000000000000000000000
000000000000110000000000000000
000000000000110000000000000000
000000000000110000000000000000
000000000000110000000000000000
000000000000110000000000000000
000000000000110000000000000000
000000000000110000000000000000
000000000000110000000000000000
000000000000110000000000000000
000000000000110000000000000000
000000000000110000000000000000
000000000000110000000000000000
000000000000110000000011000000
000000000001110000000000000000
000000001111110000000000000000
000000000111100000000000000000
000000000000000000000000000000
000000000000000000000000000000
000000000000000000000000000000
