000000000011001000010101110011
000000000000000000000000110110
000000000000000000000100111011
000000000000000000101000000110
000000000000110001110000000011
000000000001111011101000001111
000000000111111001111111111110
000000001111101000111111010000
101000001110011111111100000001
010100000111111111111111000011
111111111111110001011010000011
110011111101110000111100001101
110000111001110011100000011111
110000110001110011111000101100
100000000011110101111111011100
000000000011111001011000000000
000000000001110011111000000000
000000000001111111111001110000
000000011011111100111101110010
000000011011111001111000100011
000000111111110001101001110000
000000011111111010000001111000
100000010001110000000000000000
000000010001110000000000000000
100011000011110000000000000000
100011000011110000000000000000
111001011111110000000000000000
111101111111110011000000000000
010110101111110011100000000000
001011000000001011100000000000
