000000000000000000000000000000
000000000000000000000000000000
000000000000000000000000000000
000000000000000011000000000000
000000000000000111100000000000
000000000000000111000000000000
000000000000001100000000000000
000000000000000000000000000000
000000000000000000000000000000
000000000001100000000000000000
001100000000100000000000000000
101100000000000000000000000000
000000000000000011000000000000
000000000000000111000000000000
000001110000000011000000000000
000001110000000000000000000000
000000000000001110000100000000
000000000000000111111110100000
000000000000000111101011111100
000000000000000111110001101100
000000000000000111100000000000
000000000000000111000000000000
000000000000000111000000000000
000000000000000111000000000000
000000000000000111011000000000
000000000000000111011000000000
000000000000000111011000000000
000000000001000111110000000000
000000000000000111000000000000
000000000000000111000000000000
