000000001111111101110011000000
000000001111011111011100000000
000000000111110101101100000000
000000000111111111110111000000
000000001001111111111111000000
000000000111011011110001000000
000000000100111111111111000000
000000001111111111011111000000
000000001101111110011101100000
000000001110111110111100110110
000000001110110111111100111100
000000001100011111111110111111
000000001011111111101111110011
000000001101111110111011111110
000000001101111111110010011101
000000000101111101100000001101
111111101011111100000000000000
111111010111111100000000010000
100011111111111100000000010000
101111110111111000000000000000
111111110011111000000000011100
001111110001111100000000111000
110111111111111100000000111000
110000111111111000000000011000
000000000111111000000000000000
000000001111110100000000000000
000000001111111100000000000000
000000011111111100000000000000
000000111111110100000000000000
000110111111111100000000000000
