000000000000000000000000000000
000000000000000000000000000000
000000000000000000000000000000
000000000000000000000000000000
000000000000000000000000000000
000000000000000000000000000000
000000000000000001000000000000
000000000000000000000000000000
000000000000000000000100000000
000000000000000000000000000000
000000000000000000000000000000
000000000000000000000000000000
000000000000000000000001000000
000000000111001110000011111110
000000000000001100000001111110
000000000000000100000000000000
000000000000000000000000000000
000000000100000000000000000000
000000001000000000000000000000
000110000000000000000000000000
000100000000000000000000000000
000000000000000000000000000000
000000000000000000000001000000
000000000000000000000000000000
000000000000000000000000000000
000000000000000000000000000000
000000000000000000000000000000
000000000000000000000000000001
000000000000001100000000000000
000000000000000111000000000000
