000000000000000000000000000000
000000000000000000000000000000
000000000000000000000000000000
000000000000000000000011000000
000000000000000000000000000000
000000000000000000000000000000
000000000000000000000000000000
000000000000000000000000000000
000000000000000000000000000000
000000000000000000000000000000
000000000000000000000000000000
000000000000000000000000000000
000000000000000000000000000000
000000000000000000000000000000
000000000000000000000000000000
000000000000000000000000000000
000000000000000000000000000000
000000000000000000000000000000
011000000000000000000000000000
011000000000110000000000000000
000000000000011111000000000000
000000000000000011000011100000
000000000000000000000011100000
000000000000000000000000000000
000000000000000000000000000000
000001100000000000000000000000
000000000000000000000001100000
000000000000000000000001100000
000000000000000000000000000000
000000000000000000000000100000
