000000000000000000000000000000
000000000000000000000000000000
000000000000000000000000000000
000000000000000000000000000000
000000000000000000000000000000
000000000000000000000000000000
000000000001111100001110000000
000000000011111110011111000000
000000000001111111111110000000
000000000001111110111100000000
000000000001111111111110010011
000000000001111111111100101111
000000000001111111111100000001
000000000001111111111100000000
000000000001111111111000000000
000000000001111111111000000000
000000000001111111111000000000
000000000000111111111100000000
000000000001111111111100000000
000000000001111111111100000000
000000000001111111111100000000
000000000001111111111110000000
000000000000011101111110000000
000000000000011101111110000000
000000000000111111111110000000
000000000001111111111110000000
000000000000111101111110000000
000000000000000001111110000000
000000000000000000000000000000
000111110000000000000000000000
