000000000000000000000000000000
000000000000000000000000000000
000000000000000000000000000000
100000000000000000000000000000
100000000000000000000000000000
000000000000010111000000011100
000000000000011111000001111100
000000000000001111100011111000
000000000000001110010111110000
000000000000001110001011111000
000000000000001110011111000000
000000000000011100111110000000
000000000000011101111100000000
000000000000011111111000000000
000000000000011111111100000000
000000000000011111011100000000
000000000000111110001110000000
000000000000111100001111000000
000000000000111000000111000000
000000000000111000000111100000
000000000001111000000011100000
000000000001111000000011110000
000000000001110000000001111000
000000000000100000000000110000
000000000000000000000000000000
000000000000000000000000000000
000000000000000000000000000000
000000000000000000000000110000
000000000000000000000000110000
111111110000000000000000000000
