000000000000000010000000000000
000000001100000000000000000000
000000011011000000100000000000
000000010110000000010000000000
000000111000000000110000000000
000011100000000000000000000000
000011000000000111000000000000
011000000000011111011111000000
000000000000011000001110000000
000000000000011000011100000000
000000000000011111011110000000
000000000000011011111100000000
100000000000011011100110000000
111000000000011111110100000000
111100000000011111110000000000
000100000000011100111000000000
000000110000011000011000110000
000000011000011100001101100000
000000001011111100001100100000
000000000001111000000111100000
000000000001111111000111100000
000000000011111111101111110000
000000000000000000010001100000
000000000000000000000000000000
000000000000000000000000000000
000101000000000000000000000000
000000000000000000000000000000
000000000000000000000000000000
000000000000000000000000000000
000000000000000000000000000000
