000000000000000000000000011011
000000000000000000000000011011
000000000000000000000000011000
000000000000000000000000001100
000000000000000110000000001111
000000000000001111000000011110
000000000000001111000011111100
000000000000001111000101111000
000000000000001110000111110000
000000000000001110001111100000
000000000000001111111111000000
000000000000011110111111000000
000000000000011111111110010000
000000000000011111111111100000
000000000000011111111111000000
000000000000011111011110000000
000000000000111110001110000000
000000000000111100001111000000
000000000000111000000111000000
000000000000111000000111100000
000000000001111000000011100000
000000000001110000000011110000
000000000001110000000001111000
000000000000110000000000110000
000000000000001000000000000000
000000000000001000000000000000
000000000000000000000000000000
000000000000000000000000000000
000000000000000000000000000000
000000000000000000000000000000
