000000000000000000000000000000
000000000000000000000000000000
000000000000000000000000000000
000000000000000000000000000000
000000000000000000000000000000
000000000000000000000000000000
000000000000000000000000000000
000000000000000000000000000000
000000000000000000000000000000
000000000000000000000000000000
000000000001100000111000000000
000000000001100001111000000000
000000000001100011100000000000
000000000001100111000000000000
000000000001101110000000000000
000000000001101101100000000000
100011000011111111100000000000
000011000011111111111000001100
000000000000110001111110001110
000100000000110000001110000110
000000000000110000000111000000
000000000000000000000010000000
000000000000000000000000000000
000000000000000000000000000000
000000000000000000000000000000
000000000000000000000000000000
000000000000000000000000000000
000000000000000000000000000000
000000000000000000000000000000
111111111000000000000000000000
