000000000001001000000000111110
000000000001101000011000111000
000000000110111000111100110100
000000001100011100001100001100
000000001100111100000110001100
000000000010100011101110001100
000000000011111101111001110000
000000000011111101111011111100
000000010111111111111011111000
000000111110111111001111111000
000000110101111111001111110000
000000110110111110001111110000
000000101110111000111111000000
000000110001111101111100000000
000000110000111111111110000000
000000111100111111111110000000
000001111000111111111110000000
000011110000111110001111100000
000001100001111110001111100000
000000000000111110000111110000
000000001000011100000111111000
000000000000111100000011101100
110000000000111100000001001100
111000000000111110000110111100
111111110000111110011101110000
111111110000111111111111111001
000000000000000000110101001111
000000000000000000000010001101
000000000000000000000001001100
001101000000000101011011101100
