000000000000000000000000000000
000000000000000000000000000000
000000000000001000000000000000
010000000000011100000000000000
110000000000001000000000000000
000000000000000000000001000000
000000000001110000000011100000
000000000000111000000111100000
000000000000111000001111000000
000000000000111000001110000000
000000000000111000011100000000
000000000000111000011100000000
000000000000111000011000000000
000000000000111010110000000000
000000000000111111111000000000
000000000000111111111000000000
000000000000111111111100000000
000000000000111110011100000000
000000000000111100011110000000
000000000000111000001111000000
000000000000111000001111000000
000000000000111000000111100000
100100000000111100000111110000
100010000000111100000011110000
000000000000011000000001100000
000000000000000000000000000000
000000000000000000000000000000
000000000000000000000000000000
000000000000000000000000000000
000000000000000011000000000000
