001000100000000010000111000000
000000000000000000000000000000
000000000000000000000000000000
100000000000000000000010000000
111000000000000000000011000000
111110000000001100000010000000
001111000000001100000111000000
000110100000000100000110000000
001101110000000000000100000011
011111100000000001111000000111
101110100000000011101000000100
001100100000000001010000000111
001100110000101110110001000111
000111100000010111111100000111
001101100000101111111110001111
000000100001111111111011011111
000000000000110101011010110011
000000000000111011111011110000
000000000001111111111111000000
000000000001111111111111000000
000000011011111100111111000000
000000000001110101111111000000
000000000010011001111111000000
000000000111101000110111100000
000000000110111101111011110000
000000001111111001110011111100
000000001111110001111101111110
000000000011111011111100111111
000000000001101111111000011111
000000000000111111110000111111
