000000000000000000000000000000
000000000000000000000000000000
000000000000000000000000000000
000000000000000011000000000000
000000000000001111000000000000
000000000000010000000000000000
000000111000000000000000000000
000000110000000010000000000000
000000000000000000000000000000
000000000000000000000000000000
000000000000000000000100000000
000000000000000000000000000000
000000000000000000000100000000
000000000000100000001000000000
000000000001110000011100000000
000000000001110000011100000000
000000000001110000111100000000
000000000001110001111000000000
000000000001110001110000000000
000000000000101000100000000000
000000000001111111000000000000
000000000001101111000000000000
000000000001111111100000001100
000000000001111011110000000000
000000000001110001111000000000
000000000001110000111100000000
000000000001110000011110000000
000000011001110000001111000000
000000010001110000000111000000
000000100001110000000011000000
