111100000000000000000000000000
000000000000000000000000000000
000000000000000000000000000000
000000000111100000000011000000
000000000111100011100110000000
000000000001000011001100100000
000000000000000000000001110000
000000000000000000000001000001
000000000000000000000000000001
000000000000000000000000000001
000000000000000000001000000000
000000000000000000100000000000
000000000000000000000000000000
000000000000000000000000000000
000000000000000000000000000000
000000000000000000000000000000
000000000000000000000000000000
000000000000000000000000000000
000000000000000000000000000000
000000000000000000000000000000
000000000000000000000000000010
000000000000000000000000000001
100000000000000000000000000000
110000000000000000000000000000
110000000000000000000000000000
000000000000000000000000000000
001011000000000000000000000000
000111000000000000000000000000
000000000000000000000000000000
000000000000000000000000000000
