000000000000000000000000000000
000000000000000000000000000000
000000000000000000000000000000
000000001000000000000000000000
000000011000000000000000000000
000000000000000000000000000000
000000000000000000000000000000
000000000000000000000000000000
000000000000000000000000000000
000000000000000000000000000000
000000000000000000000000000000
000000000000100000000000000000
000000111000100000000000000000
010000111000000000000000000000
100000000000000000000000000000
000000000000000000000000000000
000000000000000011000000000000
000000000000000000000000000000
000000000000000000000000000000
000000000000000000000000000000
000000000000000000000000000000
000000000000100010000000000000
000000000000110000000000000000
000000000001110000000000000000
001100000001100000000000000000
011111000000000000000000000000
111011000000000000000000110000
011110000000000000000001110000
110000000000000000000000100000
100000000000000000001000000000
