000000000000000000000000000000
000000000000000000000000000000
000000000000000000000000000000
000000000000000000000000000000
000000000001110000000000000000
000000000001111000000000000000
000000000000011000000000000000
000000000000011000000010000000
000000000000011001100010000000
000000000000111001100000000000
000000000000111110010000001100
000000000000011110111111111100
000000000000011000011101111000
000000000000111000011100000000
000000000000111000000000000000
000000000000111011000000000000
000000000000111111100000000000
000000000001110011110000000000
000000001100110001110000000000
000000010000011000011000000000
000001000000111000011100000000
011000000000110000011111000000
111000000000110000001111000000
000000000000000000000000000000
000000000011111100000000000000
000000000011101100000000000000
000000000001000000000000000000
000000000000000000000000000000
000000000000000000000000000000
000000000000000000000000000000
