000000000000011100000100000000
000000000000000000000000000000
000000000000000000000000000000
000000000000000000000000000000
000000000000000000000000000000
000000000000000000000000000000
000000000000110000000000000000
000000000001110000000000000000
000000000001111000000000000000
000000000001111000000000000000
000000000001110000000000000000
000000000001110000000000000000
000000000001111001110000000000
000000000001111011110000000000
000000000001111011100000000000
000000000001111111100000000000
000000000001111111000000000000
000000000001111111000000000000
000000000001111111100000000000
000000000001111111100000000000
000000000001111011110000000000
000000000001110001110000000000
000000000001110001111000000000
000000000001110000111000000000
000000000000110000011000000000
000000000000000000000000000000
000000000000000000000000000000
000010000000000000000000000000
000111000000000000000000000000
001111000000000000000000001000
