000000000000000000000000000000
000000000000000000000000000000
000000000000000000000000000000
000000000000000000000000000000
000000000000000000000000000000
000000000000110000000000000000
000000000000110000000000000000
000000000000110000000000000000
000000000000110001000000000000
000000000000110000000000000000
000000000000110000000000000000
000000000000110000110000000000
000000000000110001100000000000
100000000000110011000000000000
100000000000110111000000000000
000000000000110110000000000000
000000000000111100000000000000
000000000000111110000000000000
000000000000000110000000000000
000000000000000000000000000000
000000000000110000000000000000
000000000000110000011000000000
000000000000000000011100000000
000000000000000000000000000000
000000000000000000000000000000
000000000000000000000000000000
000000000000000000000000000000
000000000000000000000000000000
000000000000000000000000000000
000000000000000000000000000000
