100000000000000000000000000000
000000000000000000000000000000
000000000000000000000000000000
000000000000000000000000000000
000000000000000000000000000000
000000000000000000000000000000
000000000000000000000000000000
000000000000000000011100000000
000000000000000101111100000000
000000000000000011100000000000
000000000000000011000000000000
000000000000000110000000000000
000000000000001100000000000000
000000000000001100000000000000
000000000000001100000000000000
000000000000001100000000000000
000000000000011100000000000000
000000000000011000000000000000
000000000000011001111000000000
000000000000011011111100000000
000000000000011111011100000000
000000000000011110011000000000
000000000000011001100000000000
000000000000011111000000000000
000000000000111110000000000000
000000000000111111000000000000
000000000000111011000000000000
000000000000111011111100011000
000000000000110001111100011000
000000010000110000111100011001
