000000000000000000000000000000
000000000000000000000000000000
000000000000000000000000000000
000000000000000000000000000000
000000000000000000000000000000
000000000000000000000000000000
000000000000000000000000000000
000000000011000000000000000000
000000000011000000000000000000
000000000011000000111100000000
000000000001100000101100111000
000000000001101100001100111000
001100000001101100000000000000
001100001101111100000000000000
000000001111111100000000000000
000000000000111111111000000000
000000000000110011111000001100
000000000000110001110000001100
000000000000000000111000000000
000000000000000000010000000000
100000000000000000000000000000
000000000000000000000000000000
000000000000000000000000000000
000000000000000000000000000010
000000000000000000000000000011
000000000000000000000000000000
000000000000000000000000000000
000000000000000000000000000000
000000000000000000000000000000
000000000000000000000000000000
