000000001100100000000000000000
000000000000000000000000000000
000000000000000000000000000000
000000000000000000000000000000
000000000000000000000000000000
000000000000011000000000000000
000000000000111100000000000000
000000000111111100000000000000
000000001100111100000000000000
011100011111111100000000000000
110000101100111100000100000000
110000010000111100001110000000
101110001000111100011110000000
110111000000111100111110000000
011111110101111101111100000000
011100111111111111111000000000
000000001011111111111000000000
000000000101111111111100000000
000000000011111111111111111110
000000011001111111111101111110
000000010001111111111111000000
000000000000111111111111100000
000000000000111100111111100000
000000000000111100001111100000
000000000000111000000111100000
000000000000010000000010000000
000000000000000000000000100000
000000000000000000001101100000
000000000000000000011111100000
000000000000000001011101110110
