000000000000000000000000000000
000000000000000000000000000000
000000000000000000000000000000
100000000000000000000000000000
000000000000000000000000000000
000000000000000000000000000000
000000000000000000000000000000
000000000000000000001110000000
000000000000000000001110000000
000000000000000000000000000000
000000000000000000000000000000
000000000000000000000000000000
000000000000000000000000000000
000000000000000000000000000000
000001100000001100000000000000
000000100000011100000000000000
000000000000011000000000000000
000000000000011000000000000000
000000000000011000110000000000
000000000000011000111000000000
000000000000011000011000000000
000000000000011000011000000000
000000000000011000000000000000
000000000000011110000000000000
000000000000111110000000000000
000000000000110111000000000000
000000000001111110000000000000
000000000000110011100000000000
000000000000110001111000000000
000000000000110000111000000000
