000000000000000000000000000000
000000000000000000000000000000
000000100000000000000000000000
000001100000110000000000000000
000000100001111000000000000000
000000000001111000000000000000
000000000001111000000000000000
000000000001111000000000000000
000000000001111000010000000000
000000000010111000111110000000
100000000001111000011110000000
000110000011111000111110000000
000010000111111001111000000000
000110000111111011110000000000
000110000001111011110000000000
100100000011111111100000000000
000000000001111111100000000000
000000000001111011110110000000
000000000001111011111110000000
000000000001111111111000000000
000000000001111010111100000000
000000000001111001111110000000
000000000000111001111100000000
000000000000000001110000000000
000000000000001001000000000000
000000000000011111100000000000
000000000000001001000000000000
000000000000010000000000000000
000000000000000000000000000000
000000000001011011010000000000
