111111110111111100000000000000
111111111101111100000000000000
001111111111111000000000000000
111101111001111000000000000000
111111111011110000000000000000
111011111111101000000000000000
111111111101111100000000000000
001111111011111100000000000000
111111000011111111100011111110
110100000011111111111011111110
110000001111111111111111111111
110010000101111111111111111111
110110001111111111111111111111
001110011111111111111011111111
110001011111111111111101110111
011110111111111111111111001011
111111111111111111110111110011
011111101111111111111111100111
001110111111111111111111111011
111111111111111111111011011111
111101111111111111111010011111
110111111111111111111111101101
111011111111111111111101111111
110001111111111111111111100011
000000000011111111111110000000
000000000111111101111110000000
000000001111111111111111000000
000000001111111111101111000000
000000001100110110000111000000
000000001111110101001101100000
