000000000000000000000000000000
000000000000000000000000000000
000000000000000000000000000000
000000000000000000000000000000
000000000000111100000000000000
000000000001111110000000000000
000000000001111110000000000000
000000000001111110000000000000
000000000001111100000000000000
000000000000111100001110000000
000000000000111000011110000000
000000000001111100111100000000
000000000001111101111100000000
000000000000101101111000000000
000000000000111111110000000000
000001100000111111100000000000
000000000000000000000000000000
000000000010111001110000000000
000000000011111101111000000000
000000000001111001111100000000
000000001001111100111110000000
000000000001111100011111000000
000000000001111000001110000000
100000000000000000000000000000
000000000000000000000000000000
000001100000000000000000000000
000001100000000000000000000000
000000000110000000000000000000
000000000000000000000000000000
000000000000000000000000000000
