000000000111000000000000000000
000000000110000000000000000000
000000000010000000000000000000
000000000110000000000000000000
000000000110001000000000000000
000000000000001100000000000000
000000000000001100000000000000
000000000000001000000000000000
000000000000000000000000000000
000000000000000000000000000000
000000000000000000000000000000
000000000000000000000000000000
000000000000000000000000000000
000000000000000000000000000010
000000000000000000000000000001
000000000000110000000000000000
010000000000110010000000000000
001000100000000000000000000000
001100000000001100000000000000
111000000010001100000000000000
110000000000001100000000000000
110000000000000100000000110000
000000000000000000000000110000
000000000000000000000000000000
000000000000000000000000000000
000000000000000000000000000000
000000000000000000000000000000
000000000000000000000000000000
000000000000000000000110000000
000000000000000000000110000000
