100000011010110100010000000001
000000100110111111010000000000
000111111111111111111100000000
000111001101111000001100000001
000001000111110000000000000000
000001100110111000000000000001
110000001000111101100111000001
111000000001011111111111100001
111000000011111111011111101100
110000100001111101111111111110
110001110111111111111101101110
100001111110111111111110110100
111010100101111111111111100000
101100000110111111010000110000
011100000000011111110000010010
011100000000011011110000000110
111000000000011011111000000001
100000000100011100111100000111
001000001110011011001110100100
010000000100011101000111111110
111111000000001110001011011001
111111100110000100000101100000
110001100111111000101000110000
010000000000111111111110110101
111000000000011011011111111111
000000000000010110010000010011
000000000000011110110000000110
000000000000000000010000000000
000000000000000000000000000000
001000000000000110000000000100
