000000000000000000000000000000
000000000000000000000000000000
000000000000000000000000000000
000000000000000000000000000000
000000000000000000000000000000
000000000000000000000000000000
000000000000000000000000000000
000000000000000000000000000000
000000000000110000000000000000
000000000000110000000000000000
000000000001110000100000000000
000000000001110001111110000000
000000000000111111111111000000
000000000000110111000011000000
000000000000111100000011000000
000000000000111000000011000000
100000000000111100000111000000
100000000000111110011100000000
100000000000111111111000000000
100000000000110011100000000000
100000000000110001110000000000
100000000000110000111000110000
110000000000000000011111110000
100000000000000000001111100000
000000000000000000000000000000
000000000000000000000000000000
000000000000000000000000000000
000000000000000000000001000000
000000000000000000000000000000
000000000000000000000000000000
