000000000000000000000000000000
000000000000000000000000000000
000000000000000000000000010000
000000000000000000001100110000
000000000000000000011100110000
000000000000000000011101110000
000000000000000000011001100001
000001100000000000011000000000
000000000000000000011000000000
000000000000000000010000000000
000000000000000000110000000000
000000000000000000110000000000
000000000000000000110000000000
000000000000000000110000000000
000000000000000001100000000000
000000000011000111000000000000
000000000011000111111100000000
000000000001001100011110000000
000000000000001100000000000000
000000000000000000000000000000
000000000000000000000000000011
000000000000000000001111000011
000000000000000000000011000011
000000000000000000000000000000
000000000000000000000000000000
000000000000000000000000000000
000000000000000000000000000000
000000000000000000000000000000
000000000000000000000000000000
000000000000000000000000000000
