000000000000000000000000000000
000000000000000000000000000000
000000000000000000000000000000
000000000000000000000000000000
000000000000000000000000000000
000000000000000000000000000000
000000000000000000000000000000
000000000000011100000000000000
000000000000111110000000000000
000000000000111110000000000000
000000000000111100000000000000
000000000000111000000000000000
000000000000011100000000000000
000000000000111110000000000000
000000000000111110000000000000
000000000000111110000000000000
000000000000111110000000000000
000000000000111110000000000000
000000000000111110000000000000
000000000000111110000000000000
000000000000111110000000000000
000000000000111110000000000000
000000000000111110000000000000
000000000000111110000000000000
000000000000111110000000000000
000000000000111111111100000000
000000000000011111111100000000
000000000000000000000000000000
000000000000000000000000000011
000000000000000000000010000011
