000000000000000000000000000000
000000000000000000000000000000
000000000000000000000000000000
000000000000000000000000000000
000000000000000000000000000000
000000000000000000000000000000
000000000000000000000000000001
000000000000000000000000000000
000000000000000000000000000000
000000000000000000000000000000
000000000000000000000000000000
000000000000000000000000000000
000000000000000000000110000000
000000000000001100001111000000
000000000000001100000000000000
000000000000000000000000000000
000000000000000001000000000000
000000000000000011000000000000
000000000000000011000000000000
000000000000000010000000000000
000000000000000011000000000000
000000000000000011000000000000
000000000000000001000000000000
000000000000000011000000000000
000011000000000011000000000000
000000000000000010000000000000
000000000000000000000000000000
000000000000000000000000000000
000000000001111100000000000000
000000000001111111111111100000
