000000000000000000000010000000
000000000000000000000000000000
000000000000000000000000000000
000000000000000000000000000000
000000000000000000000000000000
000000000000000000000000000000
000000000000000000000000000000
000000000000000000000000000000
000000000000000000000000000001
000000000000000011000000000000
000000000000110011000000000000
000000011111100010000000000011
000100011111000000011011110011
000110011000000000011111110000
000000000000000000110011000001
000000000000000001110111000000
000000000000000001111000000000
000000000000000011100000000000
000000011100000011100000000000
000000011000000011100000000000
000000000000000011100000000000
000000000000000011100000000000
000000000000000011100000011000
000000000000000001000000011000
000000000000000011000000000000
000000000000000111000000000000
000000000000000111000000000000
000000000000001110000000010000
000000000001111110000001111000
000000000011111111111111111000
