000000000000000000000000000001
000000000000000000000000000000
000000000000000000000000000000
000000000000000000000000000000
000000000000000000000000000000
000000000000000000000000000000
000000000000000000000000100000
000000000000000000000000000000
000000000000000000000000000000
000000000000000000000000000000
000000000000000000000000000000
010000000000011000000000000000
000000000000011000000000000000
000000000000011000000000000000
000000000000000000000000000000
000000000000000000000000000000
000000000000000000000000000000
000000000000110000000000000000
000000000000110000000000000000
000000000000110000000000000000
000000000000011000000001100000
000000000100011111110001100000
000000001100011111110000000000
011000000000000000000000000000
110000000000000000000000000000
010000000000000000000000000000
010000000000000000000000000000
000000000000000000000000000000
000000000000000000000000000000
000000000000000000000000000000
