000010100000000000000000000000
000000000000000000000000000000
011000000000000000000000000000
011000000000000000000000000000
010000000000000000000000000000
000000000000000000000000000000
000000000000000000000000000000
000000000000000000000000000000
000000000000000000000000000000
000000000000000010000000000000
000000000000000011000000000000
000000000000000010000110000000
000000000000000000001111100000
000000000000000000011111110000
000000000000000000111001100000
000000001100000001101000000000
000000011110000001101100000000
111010011101011111111100000000
110111111111111111101100000000
111111010000101111110110000000
000111100000011111111010000000
000010101100000111111110000000
000111110000000011100111000000
000011000000000011100010000000
000000000000110011100000000000
000000000001101011100000000000
110000000011101111000000000000
110000100011110110000000000000
110000110000111111000111110000
110001010111111111111111110000
