000000000000000000000000000000
000000000000000000000000000000
000000000000000000000000000000
000000000000000000000000000000
000000000000000000000000000000
111101000000000000000000000000
111111100000000000000000000001
100011000000000000000000001100
000000000000000000000000011000
000000000000000000000000010000
000000000000000000000000000000
000000000000000000010001000000
000000000000110000001011000000
100000000000000000000110000000
111000000000000000000110000000
011001100000000000000100000000
000001100000000000001000000000
000000000100110000011000000000
000000000100000000000000000000
000000000000000000000000000000
000000000000000000000000000000
000000000000000000000000000000
000000000010000000000000000000
000000000011100000000000000000
000000000111000011000000000000
000000000010001011100000000000
011100000100011011100000000000
010110000100010111100000000000
000110000100001110000000000000
000100001001001001000000010000
