000000000000000100000000000000
000000000000000000000000000000
000000000000000000000000000000
000000000000000000000000000000
000000000000000000000000000000
000000000000000000000000000000
000000000000010000000000000000
000000000000111000000000000000
000000011000110000000000000000
000000000000000000000000000000
000000000000110000000000000000
000000000000111000000000000000
000000000000111000000000000000
000000000000111000000000000000
000000000000111000000000000000
000000000000111000000000000000
000000000000111100000000000000
000000000000111100000000000000
000000000000111000000000000000
000000000000111000000000000000
000000000000111000000111000000
000000000000111001111111100000
000000000000111111111111000000
000000000000111111111111000010
000000000000111111111110000110
000000000000000000000000000000
000000000000000000000000000000
000000000000000000000000000000
000000000000000000000000000000
000000000000000000000000000000
