000000000000000000000000000000
000000000000000000000000000000
000000000001100000000000000000
000000000011111000000010010000
000000000000011000000001111000
000000000000010000000000110000
000000000000111100111000000000
000000000000111111110000000000
000000000000001110000000000000
000000000000001100000000000000
000000000000000100000000000011
000000000000001100110000111011
000000000001101101110000010000
000000000001111111100000000000
000011000000101110000000000000
000011000000001100000000000000
000000000000011110000000000000
000000000000111110000001100000
001000110101001100000011000000
000000111110000100000011100000
000000111010001100000001111100
000000110111011111000011110110
000000111100101111000001000000
000000011000000000000000000000
000000000000000000000000000000
000000000000000000000000000000
000000000000000000000000000000
000000000000000000000000000000
000000000000000000000000000000
000000000000000000000000000000
