000000000000000000000000000000
000000000000000000000000000000
000000000000000000000000000000
000000000000000000000000000000
000000000000000000000000001000
000000000000001110000000000000
000000110000111110000000000000
111111110000110000000000000000
011111100000000000000000000000
001000000000000000000000000000
000000000000000000000000000000
000000000000000000000000000000
100000000000000000000000000110
100000000000000000000000000000
100000000000000000000000000000
000000000000000000000000000000
000000000000000000000000000000
000000000000000000000000000000
000000000000000000000000000000
000000000000000000000000000000
000000000000000000000000000000
110000000000000000000000000000
100000000000000000000000000000
000000000000000000000000000000
000000000000000000000000000000
000000000000000000000000000000
000000000000000000000000000000
000000000000000000000000000000
000000000000000000000000000000
000000000000001000010000000000
