000000000000000000000000000000
000000000000000000000000000000
000000000000000000000000000000
000000000000000000000000000000
000000000000011000000000000000
000000000000010000000000000000
000000000000111001111100000000
000000000000011001111100000000
000000000000000000001000000000
000000000000000000000000000000
000000000000000000000000000000
000000000000000000000000000000
000000000000000000000000000000
000000000000000000000000000000
000000000000000000000000000000
000000000000000000000000000001
000000000000000000000000000000
000000000000000000110000000000
000000000000000000110000000000
000000000000000000100000000000
000000000000000001110100000000
000000000000000000100100000000
000000000000000000000000000000
000000000000000000000000000000
000000000100000000000000000000
000000000000000000000000000000
000000000000000000000000000000
000000000000000000000000000000
000000000000000000000000000000
000000000011011111111111111111
