000000000000111010110000110000
000000000000011100111011100000
000000110110000001011111000000
000000100000000011111100000000
110000000000101101111100000000
111110000000011111100000000000
000110000010000111110000000000
000000000001111111011000000000
011000000011111110011000000000
111011111111111110000000000110
110001101100111110000000000110
111000111100111110000000000000
110011011100111110000000000000
000011011100111110000000000000
100010101000111110000000000000
110000000001111110000000000000
000000000011111110000000000000
000000000011111110000000000000
000000000001111110000000000000
000000000011111110000000000000
000000000011111110000000000000
000000000011111110000000000000
000000000011111110000000000000
000000000011111110000000000000
000000001101111110000011000000
000011111101111111011111000000
000011001111111111011111100000
111100111011000100011100100000
110000011000000000111100000000
000000011000000000010110000000
