000000000000000000000000000000
000000000000000000000000000000
000000000000000000000000000000
000000000000000000000000000000
000000000000000000000000000000
000000000000000000000000000000
000000000000000000000000000000
000000000000000000000000000000
000000000000110000000000000000
000000000000110000000000000000
000000000000110000000000000000
000000000000110000000000000000
000000000000110000000000000000
000011110000110000000000000000
000001100001111001100000000000
000000000000110001100111000000
000000000000110000000111000000
000000000000110000000000000000
000000000001111000000000000000
000000110000110000000000000000
000001100100110000000000000000
000000000000110000000000000000
000000000000110000000000000000
000000000000110000000000000000
000000100000110000000000000000
000001110000110000000000000000
000000000000000000000000000000
000000000000000000000000000000
000000000100000000000000000000
000000001000000000000000000001
