000000000000000000000000000000
000000000000000000000000000000
000000000000000000000000000000
000000000000000000000000000000
000000000010000000000000000000
000000000011000000000000000000
110000000000000000000000000000
111000000000000000000000000000
111000000000000000000000000000
001100000000000000000000000000
001100000000000000000000000000
001000000000000011000000000000
011100000000000111000000000000
011100000000000110000000000000
111000000000000110000000000000
000000000000000100000000000000
100000010000000110000000000000
110000111000000011110000000000
110000110000000011110000001000
110000110100000110110000011100
100000111011000010001100100010
010000000111000101001110000000
110000000000000011001110000000
000000000000000000101110000000
000000000000000000000100000000
000000000000001000000100000000
000000000000000000000100000000
000000000000000000000000000000
010000000000000000000000000000
111000000000100110001001000000
