100000000000000000000000000000
100000000000000000000000000000
110000000000000000000000000000
110000000000000000000000000000
100000000000000000000000000000
000000000000011100000000000000
000000000000101100000000000000
000000000000111100000000000000
000000000000011100000000000000
000000000000111100000000000000
100000000001111100000000000000
000000000001111100000000000000
000000000001111100000000000000
000000000001111100000000000000
000000000001111100000000000000
000000000001111100000000000000
000000000000111100000000000000
000000000000000100000000000000
000000000000001100000000000000
000000000000111100000000000000
000000000000111000000000000000
000000000000111000000000000000
000000000000111000000000000000
000000000000000000000000000000
000000000000000000000000000000
000000000000000000110000000000
000000000000000000110000000000
000000000000000000000000000000
000000000000000000000000000000
000000000000000000000000000000
