000000000001110000000000000000
000000000001110000000000000000
000000000001110000000000000000
000000000001110000000000000000
000000000001110000000000000000
000000000001110000000000000000
000000000001110000000000000000
000000000001110000000000000000
000000000001110000000000000000
000000000001110000000000000000
000000000001110000000000000000
001100000001110000000000000000
000000000001110000000000000000
000000000001110000000000000000
000000000000100000000000000000
000000000000000000000000000000
000000000001110000000000000000
000000000001111000000000001100
000000000011100000000000001100
000000000000000000000000000000
000000000000000000000000000000
000000000000000000000000000000
000000000000000000000000000000
000000000000000000000000000000
000000000000000000000000000000
000000000000000000000000000000
000000000000000000000000000000
000000000000000000000000000000
000000000000000000000000000000
000000000011111111100111111111
