000000000000000111110010000000
000000000000000010110000000000
000000000000000000001000000000
000000000000000000011000000000
000000001000000000011000000000
000000000000000000010000000000
000000000000000000001110000000
000000001100110000000100000000
000000011001101000000000000000
000000000000010000000000000000
100000000000000000000000000000
000000000000100000000000000000
110000110101010111000000000011
110000111111111111000000001111
111111111101110100000000001111
100111101101111000000000000000
000011000000111000000000000000
100111110001010000000000000000
110100111001100000000000000000
111111001100111110000000000000
100111100111011110000000000000
000000000011101110000000100000
000000000011101111100011010000
000000000000011001111111111000
000100010000011001111111110000
001111111000000000001110000000
001111111000000000001100000000
000111100000000000000000000001
000111000000000000000000000000
000110010000000000001010010001
