100000000001101010101000001110
000000000001001111000000000100
000000000000011111000000001010
100000000001011110000000011110
100000000000111100000000111100
100000000011110110000001110100
000000000011001001000011100110
000000000000111111000111100111
000000000000111110110110000011
000000000000111110110100000100
000000000000111110111000001100
000000000000111110011000000111
000000000000111110110000001101
000000000000111110110000001111
000000000000111111101110000100
000000000000111111000010000000
000000000011111110000000000000
000000000111111111000001000000
000010000011111111000011100000
000110000011111110101111110001
001100000011111111110111111011
000000000001111111111111111001
000010000011111110011111110000
001111001101111110000100000000
011110001101111110011000000000
100000000000111110111000000000
100000000000111110011100000000
011000000000001100011000000000
000000000000000000111010000000
110011000010010001110111110000
