000000000010000000000000000000
000000000000000000000000000000
000000000000000000000000000000
000000000000000000000000000000
000000000000000000000000000000
000000000000001000000000000000
000000000000011100000000000000
000000000000011100000000000000
000000000000011100000000000000
000000000000011100000000000000
000000000000011100000000000000
000000000000011100000000000000
000000000000011100011000000000
000000000000001100000000000000
000000000110001100000000000000
000000000000001100000000000000
000000000000001100000000000000
100000000000011110000111000000
001000000000011100000110000000
000000000000011110001110000000
000000000000001110001110000000
000000000000000000000000000000
000000000000000000000000000000
000000000000000000000000000000
000000000000000000000000000000
000000000000000000000000000000
000000000000000000000000000000
000000000000000000000000000000
000000000000000000000000000000
000000000000000000000000101001
