000000000000000111100000011100
000001000000001110000000111000
010011000000010001011111000000
100001000101111011111110000000
000000000111110011000000000000
011000000110000000000000000000
111000000000000000000000000000
000000000000000000000000000001
000000000000011000000000000000
000000000000111000000000000000
000000000000111000000000000000
000000000000011000000000000000
000000000000010000000000000000
000000000000100000000000000000
000000000000110000000000000000
000000000000010000000000000000
000000000000110000000000000000
000000000000110000000000000001
000000000000110000000000000000
000000000000110000000000000001
000000000000110000000000000000
000000000000110000000000000000
000000000000110000000000000000
000000000000110000000000000000
000000000000000000000000000000
000000000000000000000000000000
000000000000000000000110000000
000000000000000000000000000000
000000000000000000000000000000
000000000000000001010001000000
