000000000000000000001100000000
000000000000000000000000000000
000000000000000000000000000000
000000000000000000000000000000
000000000000000000111000000000
000000000000000000110100000000
000000000000000000111000000000
000000000000000000000000000000
000000000000000000000000000000
100010000000110000000000011100
100000000001111000000001111011
000000000001111000000001111111
000000000001111000000000000101
000000000001111000000000001100
000100000001111000000000000000
000000000001111000000000000000
000000000000111000000000000000
000000000000111000000000000000
000000000000111000100000000000
000000000000111000000000000000
000000000000111000000010000000
000000000000111000000000000000
000000000000111000000000000000
000000000000111000000000000000
000000000000111000001100000000
000000000000111000001110000000
000000000000111000000110000000
000000000000111000000100000000
000000000000111000001000000110
000000000000111010010111111110
