000000000000000000000000000000
000000000000000000000000000000
000000000000000000000000000000
000000000000000000000000000000
000000000000000000000000000000
000000000000000000000000000000
000000000000000000000000000000
000000000000111100000000000000
100000000000111110000000000000
000000000000111110000000000000
000000000000111110000000000000
000000000000111110000000000000
000000000000111110000000000000
000000000000111110000000000000
000000000000111110000000000000
000000000000111110000000000000
000000000000111110000000000000
000000000000111110000000000000
000000000000111110000000000000
000000000000111110000000000000
000000000000111110000000000000
000000000000111110000000000000
000000000000111110000000000000
000000000000111110000000000000
000000000000111110000000000000
000000000000111110000000000000
000000000000111100000000000000
000000000000000000000000000000
000000000000000000000000011000
000000000000000000000000010000
