000000000000000000000000000000
000000000000000000000000000000
000000000000000000000000000000
000000000000000000000000000000
000000000000000000000000000000
000000000000000000000000000000
000000000000000000000000000000
000000000000000000000000000000
000000000000000000000000000000
000000000000000000000000000000
000000000000000000000000000000
000000000100000000000000000000
000000000000000000000000000000
000000000000000000000000000000
000000000000000000000000000000
000000000000000000000000000000
000000110000000000000000000000
000000110000111111100111110000
000000000001111111111111111100
000000000001111101111110111100
000000000001110000111000011100
000000000001110000111000011100
000000000001110000111000011100
000000000001110000111000011100
000000000001110000111000011100
000000000001110000111000011100
000000000001110000111000011100
000000000011110000111000011100
000000000001110000111000011100
000000000000110000011000001100
