000101100010000000001110000001
000101110101110001111111111111
101111111111111111101101111111
000110111111001111001100000000
000000111110110000001110000000
000001111010000000001101000000
000001100100000000001110000001
000000001100000000001111000100
000000001000000000000000100000
000001110000000000000001110000
000000100001000000000010000000
000001000011000000011111001101
000001100011111111111111111111
000010010110111111111111111111
000110100010111111111111111111
000111000001111100111111001111
000000000011111011111110000111
000000000011111111111110000111
000000000011111000011110000111
000000000001111000011110110111
000011000001111000011110110111
000001000001111000001110110111
000000000001111000011110011111
000000000001111000001110000111
100001000111111000011111101111
010010000110000000001111111111
000110000010000000001010000000
000111000000001100001100000000
001111000000000100000000000000
001110001011000000000000000000
