000000000000000000000000000000
000000000000000000000000000000
000000000000000000000000000000
000000000000000000000000000000
000000000000000000000000000000
000000000000000000000000000000
000000000000000000000000000000
000000000000000000000000000000
000000000000000000000000000000
000000000000000000000000000000
000000000000000000000000000000
000000000000000000001100000000
000000000000000110001000000000
000000000000000100000000000000
000000000000000010000000000000
000000000000000100000000000000
001100000000000100011000000000
001000000000000000000000000000
000000000000000000000000000000
000000000000000000000000000000
000000000000000000000000000000
000000000000000000000000000000
000000000000000000000000000000
000000000000000000000000000000
000000000000000000000000000000
000000000000000110000000000000
000000000000000000000000000000
000000000000000000000000000000
000000000000000000000000000001
001000000000000000000000000000
