000000000111000000001000000000
000000000000000000000000000000
000000000000000000000000000000
000001110000000000000000000000
000001100000000000000000000000
000000000000000000000000000000
000000000000000000000000000000
000000000000000000000000000000
000000000000000000000000000000
000000000000000000000000000000
000000000000000000000000000000
000000000000000110000000000000
000000000000000110000000000000
000000000000000000000000000000
000000000000000000000000000000
000000000000000000000000000000
000000000000000000000000000000
000000000000000000000000000000
000000000000000000000000000000
000000000000000000000000000000
000000000000000000000000000000
000000000000000000000000000000
000000000000000000000000000000
000000000000000000000000000000
100000000000000000000000000000
100000000000000000000000000000
000000000000000000000000000000
000000000001100000000000000000
000000000001100000000000000000
000000000001100000000000000000
