100000000000000000000000000000
000000000000000000000000000000
000000000000000000000100000000
000000000000000000000100000000
000000000000000000001000000000
000000000000000000001100000001
000000000000000000001100000001
000000000000000000000000000000
000000000000000000000000000000
000000000001000000000000111100
100000000001101111111111111111
000000000111111111111101111111
011000011111111111111111111011
011111110111111100001111111001
000111100101110000011110111001
000000001101110000001111111100
000000001101100000001110011111
000000011101100000001110001111
000000001011100000001111000100
000000000101100000001111000000
000000000011100000001110000000
000000000001100000001110000001
000000011001100000001110000001
000000001000000000000100000000
000000011000000000000000000000
000000010000000000000000000000
000000101011100000000000000000
000000000110100000000000000000
000000000000000000000000000000
101101101000000000000000000000
