000000000000000000000000000000
000000000000000000000000000000
000000000000000000000000000000
000000000000000000000000000000
000000000000000000000000000000
000000000000000000000000000000
000000000000000000000000000000
000000000000000000000000000000
000000000000000000000000000000
000000000000000000000000000000
000000000000000000000000001100
000000000000011111000000001100
000000000000011011110001111100
000000000000111111111111111000
000000000000111111111110011101
000000000000111001111100111100
000000000000101111111000011000
000000000000110010111000011000
000000000000110001111000111000
000000000001110000110000111000
000000000001110000110000111000
000000000001100001110000111000
000000000011100001110000110000
000000000011100001110000110000
000000000001000000100000100000
000000000000000000000000000000
000000000000000000000000000000
000000000000000000000000000000
000000000000000000000000000000
000011010000000000000000000000
