000000000000000000000000000000
000000000000000000000000000000
000000000000000000000000000000
000000000000000000000000000000
000000000000000000000000000000
000000000000000000000000000000
100010000000000000000000000000
000011001000000000000000000000
000001111110111000000000000000
000000100100011001000010001000
110000100100010001001110011100
111111111111100011110100001000
010111111011110010111000001100
000001010001110001111100011110
000110110011110011111100011110
000111101100110111111100011110
000000011110111111011110111100
000000001101110110011101111100
000000001101111110011101111100
000000000001111100111111101110
000000000001111101111111000111
000000000001111011111111100111
000000000001110001101111100111
000000000000000000011101000000
000000000000000000010111000000
000000000000000000000011000000
000000000000000000000000000000
000000000000000000000100000000
000000000000000000000100000000
000000000000000000000010010000
