001110000000000000000000000000
001111000000000000000000000001
011101100000010000000000000000
111010000000000000001000000001
010000000001000001111111000001
000000000011001111101111000000
000000000100001100000100000001
000000000000000000000000000000
000000000000000001000000000000
000000000000000000000000000000
000000000000000000000000000000
000000000000110000010000011100
000000000001111000011000011110
000000000000111000011100001110
000000000000111000001100000110
000000000000111000011100000111
000000000000111000011100000110
000000000000111000001100000110
000100000000111000001100000110
011110000000111000001100000110
011110000000110000001100000110
010100000000111000011100000111
001000000000111000011100000111
000000000000000000000000000000
000000000000000000000000000000
000000000000000000000000000000
000000000000000000000000000000
000000000000000000000000000000
000000000000000000000000000000
110010000000000000000000000000
