000000001101101000110001011000
000000000101000001110000000000
000000001111100011110000000000
000000001111100100000000000110
000000001101100110000000010011
000000000101100001110000111111
000000000111100000111101110000
000000000100000000101111100000
000000000000000001111101000000
000000000000000111000000100000
000000000000000110110000010110
000000000000111011111101111111
000000100001111111111111111111
000000000001111111111111111111
000000000001111110111111110111
000000000001111100011111001111
110000100001111100011111000111
011000110001111100011111000111
001000100001111110111111000111
000001110001111110011111000111
000001110011111100011111000111
000001100011111100011111000111
000001100001111100011111000111
000000000001111100011111000111
000000000001111000001111000011
000000000000110000000111000000
000001000000000000001111000000
000001100000000000001110111100
100001100000000000111111111110
000001100000000111111111011100
