000000000000000000000000000000
000000000000000000000000000000
100000000000110100000000000000
000000000000111000000000100000
000000000000000000111001110011
000000000000000000011000110011
000000000000000000000000000000
000000000000000000000000000000
000000000000000000000000000000
000000000000000000000000000000
000000000000000000000000000000
000000000000000000000000000000
000000000000000000000000000000
000000000000000000000000000000
000000000000000000000000000000
000000000000000000000000000000
000000000000000000000000000011
000000000000000000000000000011
000000000000000000000000000001
000000000000000000000000000011
000000000000000000000000000011
000000000000000000000000000011
000000000000000000000000000000
000000000000000000000000010000
000000000000000000000000000000
000000000000000000000000000000
000000000000000000000000000000
000000000000000000000000000000
000000000000000000000000000000
000000000000000000000001100000
