000000000000000000110000000000
000000000000000000100000000000
000000000000000000000000000000
000000000000000000000000000000
000000000000000000000000000000
000000000000000000000000000000
000000000011100000000000001100
100000111110100000000000000000
000000111110000000000000000000
000000010001100000000000000000
000000000001110011110001111100
000000000000111111111111111110
000000000000111100111111000111
000000000000111000011110000111
000000000000110000011110000111
000000000000110000011110000011
000000001100110000001110000111
000000001101110000001100000111
000000000110110000011100000111
000000000000111000111100000111
000000000000110000111100000011
000000000000110001101100000011
000000000000110000111100000011
000000000000100000001100000000
000000000000000000000000000000
000000000000000000000000000000
000000000000000000000000000000
000000000000000000000000000000
000000000000000000000000000000
000000000000000000000000000000
