000000000000000000000000000000
000000000000000000000000000000
000000000000000000000000000000
000000000000000000000000000000
000000000000000000000000000000
000000000000000000000000000000
000000000000000000000000000000
000011000000000000000000000000
000000000000000000000000000000
000000000000000000000000000000
000000000000000000000000000000
000000000000000000000000000000
000000000000100000110000000100
000000000001110001111000001110
000000000001110011111100011110
000000000000110011111100011100
000000000001110111011100111100
000000000001111110011100111100
000000000001111110011111101100
000000000001111100011111101110
000000000001111000011111000111
000000000001111000001110000111
000000000000110000000100000011
000000000000000000000000000000
000000000000000000000000000000
000000000000000000100100000000
000000000000000001100000000001
000000000000000011000000000001
000000000000000001000000000000
000000000000000000000000000000
