000000000000000001100001000000
000000000000000001100000000000
000000000000110001000100000000
000000000000110000101000000000
000000000000000000000000000000
000000000000000000000000000000
000000000000000000000000000000
000000000000000000000000000000
000000000000000000000000000000
000000000000000000000000000000
000000000000000000000000000000
000000000011000000010000000000
000000000000000000011000000000
000000000000000000011000000000
000000000000000000011000000000
000000000000000000000000000000
000000000000000000000000000000
000000000000000000000000000000
000000000000000000000000000000
100000000000000000000000000000
000000000000000000000000000000
000000000000000000000000000000
000000000000000000000000000000
000000000000000000000000000011
000000111000000000000000000000
000000110000000000000000000000
000000000000000000000000000000
000000000000000001000000000100
000000000000000001100000001110
000000000010011011100000011110
