000000000000000000000000000000
000000000000000000000000000000
000000000000000000000000000000
000000000000000000000000000000
000000000000000000000000000000
000000000000000000000000000000
000000000000000000000000000000
000000000000000000000000000000
000000000000000000000000000000
000000000000000000000000000000
000000000000000000000000000000
000000000000011111000011000000
000000000000111111111111100000
000000000000111100111100110000
000000000000011000011000110000
000000000000011000111000110000
000000000000011000110001110000
000000000000111000110001100000
000000000000111000100001100000
000000000000110001110001100000
000000000001111001111011110000
000000000001111001111011100000
000000000000000000000000000000
000000000000000000000000000000
000000000000000000000000000000
000000000000000000000000000000
000000000000000000000000000000
000000000000000000000000000000
000000000000000000000000000000
000000000000000010000000000000
