000000000000000000000000000000
000000000000000000000000000000
000000000000000000000000000000
000000000000000000000000000000
000000000000000000000000000000
000000000000000000000000010000
000000000000000000000000011000
000000000000000000000000000000
000000000000000000000000000000
000000000000000000001110000000
000000000000000000011101100000
100000111000000000111111000000
100000000000000001011000000000
100000000000000000000000000000
000000000000000000000000000000
000000000000000000000000000000
000000000000000000000011100000
000000000000010000001111111001
000000000000110000001101111001
000000000000110000000110000000
000000000000000000000000000000
000000000000000000000000000000
000000000000000000000000000000
000000000000000000000000000000
000000000000000000000000000000
000000000000000000000000000000
000000000011111000000000000000
000000000001111100000000000000
000000000000000000000000000011
000000000100000000000000000101
