111100001001100011101100000000
110011111101100000101110000000
111111011101100011111011100010
110011111111111111111011111110
110001001011111111111001110111
100011000011111011111111111000
000001000100110001110111111100
110000110011100011111011111111
111011111111100111001111111011
111111111111101111111101111011
111011110111111111111111111111
111001100111101111111101011111
111000001111110111111010111111
111000011110111111111111111111
101111101111111111111111111111
111111001111111101111111011111
000000000011111100011110000111
000000000100111100011110000111
000000000100111000011110000111
000000000001111000011110000111
000000000001111000011110000111
000000000111111000011110000111
000000000011111000011110000111
000000000111111000011110000111
000000000001111001111111000111
000000000000110001100100100111
000000000000000010000010000010
000000000000000011001110000000
000000000000000011001110000000
000000000000100101100101000011
