000000000000000000000000000000
000000000000000000000000000000
000000000000000000000000000000
000000000000000000000000000000
000000000000000000000000000000
000000000000000000000000000000
000000000000000000000000000000
000000000000000000000000000000
000000000000000000000000000000
000000000000000000000000000000
000000000000000000000000000000
000000000000000000000000000000
000000000000111111000000000000
000000000000111011001110000111
000110000000011000001110000111
000110000000011000001100000110
000100000000010000001100000010
100000000000000000001100000010
100000000000000000111110000011
000000000000000000011100000111
000000000000011000001100000011
000000000000011000001100000010
000000000000000000001100000011
000000000000000000001100000111
000000000000111000000110000111
000000000000111000000110000111
000000000000000000000000000000
000000000000000000000000000000
000000000000000000000000000000
000000000000000010000000000000
