000000000000000000000000000000
000000000000000000000000000000
000000000000000000000000000000
000000000000000000000000000000
000000000000000000000000000000
000000000000000000000000000000
000000000000000111000001111100
000000000000001111100001111110
000000000000011111100001111110
000000000000111111100011111100
000000000000011111100011111100
000000110000011111100011111100
000000110000111111100111111100
000000000000011111100111111100
000000000000111111110101100000
000000000000010011111111111000
000011000001111011101111111100
000000000011111011111110111100
000000000001111111111111111000
000000000001111011111111111000
000000000001111111111101111001
000000000001110011111001110001
000000000001110011111001111000
000001100001110011111111110000
000001100000100001110011110000
000000000000000000000000000000
000000000000000000000000000000
000000000000000000000000000000
000110000000000000000000000000
000110000000100001000000000000
