000000000000000000000000000000
000000000000000000000000000000
000000000000000000000000000000
000000000000000000000000000010
000000000000000000000000000000
000000000000000000000000000000
000000000000000000000000000000
000000000011110000000111100000
000000000011111000001111110000
000001000011111100001111100000
000000110011111100011111100000
000000000001111110011111100000
000000000001111111111111100000
000000000001111111111111100000
000000000001110111111011111110
011000000011111111111111111110
111000000001110111110011100100
000000000001110111110011100000
000000000001110101100011100000
000000000001111100000011100000
000000000011111110011111110000
000000000111111110001111110000
000000011000000100000000000000
000000001101100010000000000000
000000001001100000000000000000
000000000000000000000000000000
000000000000000000000000000000
000000000000000000000000000000
000000000000000000000000000000
000000010000000000000000000000
