000000000000000000000000010000
000000000000000000000000000000
000000000000000000000000000000
000000000000000000000000000000
000000000000000000000000000000
000000000000000000000000000000
000000000000111000000000110000
000000000001111100000001111000
000000000001111100000001111000
000000000001111100000011110000
000000000001111100000011111000
000000000001111100000111110000
000000000001111110001110110000
000000000001111110001110110000
000000000001111110000110110000
111100000001110110001110110000
111110111111110111001101111000
000100111111111111111101111110
000000000111110011001111111111
001100000111111111111111111011
111110000111110111111000111111
000000000001111111111101110000
000000000011111011111101110000
000000000011110010111001111100
000000000111000000110001111110
000000000110000000000000000000
110000000000000000000000000000
000000000000000000110000000000
000000000000000000110000000000
110100000000000000100010000011
