000000000000100000000000100001
000000000000010000000000000011
000000000000000000000000001101
000000000000000000110100011101
000000000000000011101000011000
000000000000000111100000100111
000000000000011110000000001011
000000000000111100000000000000
000000000000000000000100000000
000000000000000000001100010000
000000000000000000001010111000
000000000000000000000111000000
000100000000000000000110000000
001110000000111000000100011000
011110000000111100011000011100
011100000000111111110000011110
011100000000111111100000111110
011100000000111111100000111110
111101010000111110100001111111
111000000001111111100001111111
111000000101111111000011111111
111001001011110011110011101111
110011101101110011110111100111
110011001111110001110111110111
100001000111110001111111111111
100000111111111011111111011011
110000011011110000111110011111
000000100111110000111110010011
000001100011110000011100001111
000011101011110000001100000111
