000000000000000000000000000000
000000000000000000000000000000
000000000000000000000000000011
000000000000000000000000000111
100000000000110000000000000010
110000000001111000000000000001
111000000001111000000000000011
010000000000111000000000000011
111000000001100000000000000111
010000000001100001000000000111
010000000001100111000000001110
010000000001100111000000001100
010000000001100011000000001000
000000000011100011100000011000
000000000011100001100000111000
000000000001100001100000111000
000000000001100001110000110000
000000000001100000111001110000
000000000001100000111001100000
000000000001100000011111100000
000000000001110000011111000000
000000000001110000001111000000
000000000001100000001110000000
000000000000000000000100000000
000000000000000000000000000000
000000000000000000000000000000
000000000000000000000000000000
000000000000000000000000000000
000000000000000000000000000000
000000000000001000100000000000
