000000000000000011010001000000
000000000000000011100000000000
000000000000000000100000000000
000000000000000000000000000000
000000000000000110000000000000
000000000000001111110000101111
000000000000001111111000111111
000000000000001111111000011111
000000000000001111111100011111
011100011010011111111000011111
011000011111111111111100111111
011100011110011111111100111111
111010000100011111111100111111
011111110000011111111101111111
001101110000111111111101111111
000000100000111111111011110111
000000000000111111111111111111
000000000000111111111111101111
000000000000111100111111100111
000000000000111100111111001111
000000000001111000111111101111
110000000001111000111111111111
110000000001111001111110011111
100000000000111001111100001111
000000000000011000110010000000
000000000000000000000000000000
000000000000010000000000000000
111000111000110000000100000000
011101111110011010110110000000
000000001111111111111110000000
