000001000000100011010000000000
000000000000000101100000000000
000000000000000010100000000000
000000000000000001100000000000
000000000000000000100000000000
000011000000110001100000000000
000000000000111000000000000000
000000000000111100000000000000
000000000000011111000000000000
000000000000111111100000000000
000000000001001111100000010000
000000000000000111110000111000
000000000000000111110001100000
000000000000000100010001100000
000000000011001110111110000000
000000000011001110011110000000
000000000011001100001110000001
000000000010011000010011110111
000000000001111000100011111110
000000000001111000110011000000
000000000000110000111000000000
000000000000000001110000000000
000000000000000001000000000000
000000000000000000000000000000
000000000000000000000000000000
000000000000000000000000000000
000000000000000000000000000000
000000000000000000000000000000
000000000000000000000000000000
000000000000000000000000000000
