000000000000000000000000000000
000000000000000000000000000000
000000000000000000000000000000
000000000000000000000000000000
000000000000000000000000000000
010000000000000000000000000000
000000000000000000000000000000
000001000000000000000000000000
000000000000000000000000000000
000001100000000000000000000000
110011001100011100000000000111
111110000110111110000000011111
011000000111011111010000001111
011100000010111111100000011111
000000000000011111100000111111
000000000000111011100001111011
000000000000111001111111110011
000000000000111001111111110011
000001100000110000111111000011
000000000001110000011110000011
000000000001110000011100000011
000000000011100000000000000011
000001000011100000000000000001
000001100001000000000000000000
000001000000000000000000000000
000000000000000000000000000000
000000000011111000000000000000
000000000010110000000000000000
000000000011100000000000000000
000000000011110000000000000000
