000000000000000000000000000000
000000000000000000000000000000
000000000000000000000000000000
000000000000000000000000000000
000000000000000000000000000000
000000000000000000000000000000
000000000000000000000000000000
000000000000110000001111000000
000000000000110000001111000000
000000000000001000000100000000
000000000000000000001101000010
000000000000000100011111111110
000000000000011110111011011100
000000000000000110010111100000
000000000000100011111001000000
000000000111110011110001000000
000000000111100001100011101100
000000000000000000000001001100
001110000000000000000000000000
000110000000000000000000000000
000000000000100000000001000000
000000000011000000000000000000
000000000000000000000000000000
000000000000000000000000000000
000000000000000000000000000000
000000000000000000000000000000
000000000000000000000000000000
000100000000000000000000000000
000000000000000000000000000000
000010000000000000000000000000
