000000000000000000000000000000
000000000000000000000000000000
000000000000000000000000000000
000000000000000000000000000000
000000000000000000000000000000
000000000000001111110000000111
000000000000001111111000001111
000000000000001111111000001111
000000000000001111110000011111
000000000000001111111000011111
000000000000011111111000111111
000000000000111111111101111111
000000000010011111111000111111
000000000000011110111001111011
000000000000011111111111111011
000000000000111111111011110111
000000000000111101111011110111
000000000000111100111111100111
000000000000111100111111101111
000000000000111100111111001111
000000000001111000111111001111
000000000001111000111110001111
000000000001111100111110011111
000000000000111110011100001111
000000000000001100000000000000
000000000000000000000000000000
000000000000000000000000000000
000000000000000000000000000000
000000000000000000000000000000
000000000000000000000000000000
