100011111111111111111111111111
000111001101111111110111111000
001111011100001111111001111000
000000001111111110111111001100
000111000001111110001011111000
111111000110110111111111111100
111111111111110111111111111111
011111101111011111011101011010
111111010100110110110110101001
111111101111010111111101111100
111111110011111111110011011111
100100110011111111110011111110
011111101001111111110000111111
111111111010111111110000111111
111011111111011111110001111111
100111111111100101111011111111
100101101010111111110001111111
000011111101111111111011111111
000011101000111111111111111111
000000010100111111111111111111
000000001100111111111111111111
000000000111111111111111110111
000000100001111111111111110111
000000000001111101111111111111
000000101011111111111111111111
000000011001111100111111111111
000000001111111011111111100011
000001111101111110111111100011
000001110111111001011111000011
000000111101110110111110111001
