000000000100001001011111000000
000000011111111111100100000000
011110111111101101100110000000
111110010111101100000110000000
000000000110011000111110000000
000000000000001111100000000000
000000000000000111000000000000
000000000000001001100000000000
000001110001000001000000110000
100011110011000000000001110001
111111000010000000000011110000
011000000010011000000111100000
000000000111011001000101000001
000000000111110000000000000000
000000000011100000000000000001
000000000101100000101000000000
000000000000011000011100000000
000000000000011000101000000000
000000000111111000000000000000
000000000110110000000010000000
000000000011100000000000000000
000000001110100000010000000000
000000001111000000001110000000
000000000100100000000110000000
000000000010000000000110000000
010000000111000001100100000000
100000000111000001100010000000
010000000010000000000010000000
011000000000000000000000000000
111010000010010000001100000000
