011010000000011101111101110001
011000000000000010011110100000
000000000000000011110111100111
000000001000000011111011111111
011000011100001011111100011101
011000111110011111111000001100
110000111111101110010000111000
001111111111000010000000111000
111011111101000011100000010000
100001100011110011110000001000
000000100011111111111100111101
100100010001111111111111111111
101100100011111111111111111001
111101000001111111111111011111
010001100011111111111111001001
000000000111111101111110000000
000000000011111101111111000000
000000000011111111111111100000
110000000001111111111111100000
100000000001111101111110100011
001001110001111111111111100011
110111101111111111111110110001
100011111111111101111111110001
110111001011111111111111010001
111111001111111111111111111011
000000000111111111111111010101
000000001111111111111111100000
000000001000100100100000000000
000000000000000111000000000000
011011000000011111111100100001
