000000100001101000000000101101
000000000001100000000001101011
000000000000110000000011111011
000000000000111000000010111101
110000000011111000111111101110
110000000101011011111111111110
111111111111111111011010100110
111111101111110001110110010111
011111111100100011011110001111
011110111100100011011100000001
111000111111110111110000000010
101000110111111111010110101111
100000001111111001110111111110
100100001111111111111101111111
111010111111111110111110110100
011111110010111111111111000000
011111111101111111011110000000
101111111111111111011110000001
111100110111111111011110000000
111100000001111111011110000000
110100000001111111011110000000
111111000011111111011110000000
111011000011111111011110000000
010000000001111111011110000000
111100000111111111111111100000
111010111111111111111111111001
111011111000111111111101111010
111111110000000111010000110000
111111010001111111111000000000
011010110101111101111001111101
