000000000000000000000000000000
000000000000000000000000000000
000000000000000000000000000000
000000000000000000000000000000
000000000000000000000000000000
000000000000000000000000000000
000000000000000000000000000000
000000000000000000000000000000
000000000000000000000000000000
000000000000000000000000000000
000000000000000000000000000000
000000000000001111111111000000
000000000000011111111111100000
000000000000001111101011100000
000000000000001111111111100000
000000011000001110011011100000
000000111000001110000011100000
011101110000001100010111100000
011111111000001100001111100000
001100101111111100000111100000
111111111111111111111111110011
010101010101111111011111100001
001110000000000000000000000000
001100001000000000000000000000
001000011000000000000000000000
000000011000000000000000000000
000000001000000000000000000000
000000011000000000000000000000
000000001000000000000000000000
001000000100000000000000000000
