000000000000000000000000000000
000000000000000000000000000000
000000000000000000000000000000
000000000000000000000000000000
000000000000000000000000000000
000000000000000000000000000000
000000000000000000000000000000
000000000000000000000000000000
000000000000000000000000000000
011000001111111111111000000000
111000001111111111111001000000
000000000010111111111111111000
000000010001101100011110011000
000000010000111100001110000000
000000000000110000000100000000
000000000001110000001110000000
000000000001110000001111000000
000100000000110000001110000000
000000000000110000001110000000
000000000000110000001110000000
000011000001110000001110000000
000011000001110000001110000000
000001000000110000001110000000
000000000000110000000110000000
000000000000000000000000000000
000000000000000001000000000000
000000000000011111000000000000
000000000000011110000000000000
000000000000000100000000000000
000000000000101000000000000000
