000000000000000000000000000010
000000000000000000000000000000
000000000000000000000000010000
000000000000000000000000010010
000000000000000000000000000110
000000000000000000000000000100
000000000000000000000000000001
000000000000000000000000000001
000000000000000000000000000000
000000000000000000000000000000
000000000000000000000100000000
000000001100000000000000000000
000000011011111111100000000000
000000001111111111110000000001
000000001111111111111100000011
000000000011110000111000000001
000000000001110000111000000000
000000000001110000111000000000
000000000001110000111100000000
000000000001110000111000000000
000000000001110000111000000000
000000000001110000111000000000
000000000001110000111000000000
000000000001110000111000000000
000000000001110000111000000000
000000000000000000000000000000
000000000000000000000000000000
000000000001100000000000000000
000000000001100000000000000000
000000000001000000000000000000
