000000000000000000000000000000
000000000000000000000000000000
000000000000000000000000000000
000000000000001110000011000000
000000000000000000010011000000
000000000000000000000010000000
000000000000000000000100000000
000000000000000000000000000000
000000000000000000000000000000
000000000000000000000000000000
000000000000000000000000000000
000000000010000000000000000000
000000000000011101111100000000
000000000000111111111110000000
000000000000111111111110000000
000000000000111111011110000000
000000000000111100011110000000
000000000000111100011110000000
000000000000101000011100000000
000000000001011100010100000000
000000000001111100111100000000
000000000001111000111100000000
000000000001111000111100000000
000000000001111000111100000000
000000000000110000111000000000
000000000000000000010000000000
000000000000000000000000000000
000000000000000000100000000000
000000000000000000000000000000
000000000000000100000000000000
