000001000001000000000000000000
000000000010000000000000000000
000000000110000000000000000000
000000001100000000000000000000
000000001000000000000000000000
000000000000000000000000000000
000000000000000000000000000000
000000000000000000000000000000
000000000000000000000000000000
000000000000000000000000000000
000000000000000000000000000000
000000000000000000000000000000
000000000000000000000000000000
000000000000000000000000000000
001000000000000000000000000000
001000000000000000000000000000
010000000000000000000000000000
000000000001100000000000000000
000000000011110000001000000000
000000000000110000011100011000
000000000000000000000000011001
000000000000000000000000000000
000000010000000001000000000000
000000000000000000100000000000
000000000000000000000010001000
000000000000000000000001001100
000110000000000000000000000100
000000000000000000000000000000
000000000000000000000000000000
000000000000000100000000000000
