000000001000010000000000000100
000000000000000000000000000000
000000000000000000000000000001
000000000110000000100000000000
000000001100000001100000000001
000000001100100000100000000011
000000001101110000000000000011
000000000001111000000000000001
000000000000111100000000000011
000000000001111110000000000011
000000000000111111001100000011
000000000000001111101110000011
000000000000001111111100000011
000000000000001110111100000001
000000000000011101111111000001
000000000000011101100111100001
000000000000111101100011111001
000000000001111101000001111101
000000000000001101100000111111
000000000000011111000001110111
000000000000011111100001100011
000000000000011001100000000001
000000000000000001100000000000
000000000000000000000000000001
000000000000000000000000000001
000000000000000000000000000000
000000000000000000000000000000
000000000000000000000000000110
000000000000000000000000000111
000000000000000000000000000110
