000000000000000000010000000000
000000000000000000011000000000
000000000000000000111000000000
000000000000000011100000000000
001100000000000111100000000000
000000000000011100000000000000
000000000000111100011000100000
000000000000111000010001110000
000000000000111100100001110000
000000000001111111100011110000
000000000000111111000001111000
000000000000111111000001110000
000000000000111111100001110000
000000000000111011110001110000
000000000000111011110001110000
000000000000111101111001110000
000000000000111001111001110011
000000000000111011111101111111
000000000000111111111111110111
000000011001111100001111110001
111000011001111100001111110011
111000000000111100001111110011
000000000000111000000111110000
000000000000111000000011110000
000000000000011000010001100000
000000000000000000011000000000
000000000000000000011000000000
000000000000000000011000000000
000000000000000000000000000000
000000000000000000000000000000
