000000000000000000100000001000
000000000000000000000000000000
000000000000000000000000000000
110000000000000000000000000000
100000000010000000000000000000
100000000001001100000011100000
100000000001111110111111100000
100000000001111111111110000000
011000011111111110111110000000
110000011011111110111110000000
000000000011111110111110000000
000000000011111111111110000000
000000010001111111111110000000
001100010001111111111110000000
011011110001111111111110000000
011111111111111111111110000000
000001001001111111111111000000
000000001011111111111111000000
010000011101111111111111000000
100000111101111111111110000000
110000100111111111111110000000
100000101111111111111110000100
000001111001111111111111000110
000000111111111111111111111111
000001111011111101111110110111
000000100001111111111110000000
000000000001111101111111000000
000000000000111011000011000000
000000000000000000000010000000
000000000000000000000100000000
