000000000000000000000000000000
000000000000000000000000000000
000000000000000000000000000000
000000000000000000000000000000
000000000000000000000000000000
000000000000010000000000000000
000000000000111000000001100000
000000000000011100000001100000
000000000000111110000001100000
000000000000110111000001100000
000000000000110111000001100000
000000000000110011000001100000
000000000000110011110001100000
000000000000110011111001100000
000000000000110010111001100000
000000000000110110111001110000
000000000000110000011001110000
000000000000110000011101100000
000000000000110000001111100000
000000000000110000000111100000
000000000000110000000111100000
000000000001110000000011100000
000000000000110000000001000000
000000000000000000000000000000
000000000000000000000000000000
000000000000000000000000011000
000000000000000000000000000000
000000000000001000000000000000
000000000000011000000000000000
000000000000010000000000010000
