000101000000000000001100000000
000000000000000000000100000000
000000000000001100000110000000
000000000000001100000110000000
000000000000000100000010000000
110000000000001100000110000000
000000000000001100000110000000
000010000000001100000000000000
000000000000001100000000001000
000000000000001100001100001000
000000000000011100001100000000
000000000011011000001100000000
000000000011111000000100000000
000000000000011100000000000000
000000000000111100000000000000
000000000000110000010000000000
000000000000110000110000000001
000000000000000000011000000001
000000000000000000000111011001
000000000000000000000011100000
000000000000000000000000010010
000000000000000000000000000010
000000000000000000000000000010
000000000000000000000000000000
000000000000000000000000000000
000000000000000000000000000000
000000000000000000000000000000
000000000000110000000000000000
000000000000110000000000000000
111111000000000000000000000000
