000000000100101000000000000000
000000000000000000000000000000
000000000000000000000000000000
000000000000011000000000000000
000000000000111000000000011110
000000000000111100000000011110
000000000000110110000000001100
000000000000001111000000001100
000000000000000111000000001100
000000000000000111100000000100
100000000000000001010010000000
100000000000000000110000000000
000000000000010000110000000000
000000000000011001011110001100
100000000000011000110110001100
100001110000000000011111111110
000001101000000000000111011100
100000000100010000000111111000
000000001000100000000001111000
000011000000100000000000111000
000011000001111000000000111100
000000000001111101000000011100
100000000001101100000000000000
000000000001100000000000000000
000000000000000000000000000000
000000001100000000000000000000
000000000000000000000000000000
000000000000000000000000000000
000000000000000000000000000000
000000000000000000000000000100
