000100000000000000000000000000
000000000000000000000000000000
000000000000000000000000000000
000000000000000000000000000000
000000000000000000000000000000
000000000000000000000000000000
000000000000000000000000000000
000000000000000000000000000000
000000000000000000000000000000
000000000000000110000000110000
000000000000010100000000110000
000000000000111000000000011100
000000000001111100000000011100
100000000001111110000110111100
000000000000101111100111111110
000000000000111111100001111100
000000000000111111110000111100
000000000000111111110000111100
000000000000111101111000111000
000000000000111000111000111000
000000000000111000011111111000
000000000000111000001111111000
000000000000111000001111111000
000000000000111000000111111000
000000000000111000000001111100
000000000000011000000000111000
000011000000000000000000000000
000000000000000000000000000000
000000000000000000000000000000
000000001000000000010000000000
