011100000000000000000000000000
110110000000000000000000000000
000111000000000000000000000000
000111100000000000000000000000
000000000000000000000000000000
000000000000000000000000000000
000000000000000000000000000000
000000000000000000000000000000
000000000000000000000000000000
000000000000000000001101100000
000000000000000000001111100011
000000000000000000001000100011
000000000000000111111000000000
000000000000011111111100000000
000000000000011100011100010000
000000000001111000011100000000
000000000001110000111110000000
000011100000110000011111100000
000001100001110000011111100001
000000000000110000110011100001
000000000001100000110011110001
000000000011100001111001110001
100000000001100011111000111001
000000000000000001111000011101
000000000000000001110000011111
000000000000000000110000000111
000000000000000000110000000111
000000000000000001110000000111
000000000000001111110000000011
000000000000011111100000000011
