000000000010000000000010110000
000000000000000000000000000000
000000000000000000000000000000
000000000000000000000000000000
000000000000000010000000000000
000000000000000111000000000000
000000000000001111000000000000
000000000000001110000000000000
000000000000001100000011000000
000000000000001100000011000000
000000000000000000000011000000
000001100000000000000011000000
000000000000000000000011000000
000000000000000000000011000000
000000000000000001100011000000
000000000000000001100011100000
000000000000000001000001101000
000000000000000000000001111100
000000000000000000000001111000
000000000000000000000001100000
000000000000000000000001100000
000000000000000000000001100000
000000000000000000000011100000
000000000100000000000001000000
000000000100000000000000000000
000001000000000000000000001100
000001000000000000000000000000
000000000000000000000000000000
000000000000000000000000000000
000010010000000000000000000100
