000000000000000000000010011111
000000000000000000000000000000
000000000000000000000000000000
000000000000000000000000000000
000000000000000000000000000001
000000000000111100000001100001
000000000001111110000001110001
000000000001111110000001110000
000000000000111111000001110000
000000000000111111100001110000
000000000000111111101101110000
000000000000111011111101110000
000000000001111011111101110000
000000000001111001111001110000
000000001100111001111101110000
000000001111111000111101110000
000000001101111000111111110000
000000000000111000011111110000
000000000001111000001111110000
000000000001111000001111110000
000000000000111000000111110000
000000000000111000000111111000
000000000000111000000011110000
000000000000110000000000000000
000000000001111000000000000000
000000000000111000000000000000
000000000000010000000000000000
000000000000000000000000000000
000000000000000000000000000000
000000000000000000000000000000
