000000000000000011101110000000
000000000000000001011110000000
000000000000000011111110000000
000000000000000011111111000000
000000000000000011100011000000
000000000000000001100111000000
000000000000000000001111000000
000000000000000011000011000000
000000000000011011100111000000
000000000000111111100111111100
000000000000111111011111111110
000000000000111101111111000000
000000000000111111111111110000
000000000000111111101111101010
000000000000011101100101000100
000000000000011111011110000000
100110000000111011011100000000
110111100000111011110111111000
100010110000111011111110110000
001111100000110011101000000000
001111100000110011101100000000
111111100000110011000111110000
111111100000110010000011111000
111011000000111000011101111100
000000000000111000011111111000
000000000000111000000000110000
000000000000010000100000000000
000000000000000001110000000000
000000000000000001110011000000
000000000000000001111111000000
