000000000000000000000000000000
000000000000000000000000000000
000000000000000000000000000000
000000000000000000000000000000
000000000000000000000000000000
000000000000000000000000000000
000000000000000011000000000000
000000000000000000000000000000
000000000000000000000000000000
000000000000100000000000000000
000000000000111000001100000000
000000000000111100011100000000
000000000001111110011000000000
000000000001100111011000000000
000000000001100011111000000000
000000000001100001111000000000
000000000001100001111000000000
000000000001100001111000000000
000000000001100000111000000000
000000000001100000011000000000
000000000000000000000000000000
000000000000000000000000000000
000000000000000110000000000000
000000000000000100000000000000
000000000000000000000000000000
000000000000000000000000000000
000000000000000000000000000000
000000000000000000000011000000
000000000000000000000000000000
000000000000000000000000000000
