000000000000000000000000000000
000000000000000000000000000000
000000000000000000000000000100
000000000000000000000000000110
000000000000000000000000000000
000000000000000000000000000000
000000000000000111111111000000
000000000000001111111111110100
000000000000011111111111111100
000010000000111111100111111100
000101000001111110000001111110
000110000000111110000000111110
111110001101111100000000111111
110111011111111100000000011111
001100100001111110000000111111
111001000011111100000000011111
011111111111111010000000011110
111110111001111101110000011111
011101110001111000110001111111
111111100000111100000000111110
111000110000111110000100111110
000000000000011111101111111100
000000000000011111111111111000
000000000000111111111111110000
000000000000011111111110000000
000000000000011110001110000000
000000000000001000000110000000
000000000000000001111111000000
000000000000000000111010000000
000000000001001000100010000000
