000000000000000000000000000000
000000000000000000000000000000
000000000000000000000000000000
000000000000000000000000000000
000000000000000000000000000000
000000000000000000000000000000
000000000000000000000000000000
000000000000000000011000000000
000000000000000000000000000000
000000000000001000000000000000
000000000000000100000000000000
000000000000000000000000000000
000000000000000011000000000000
000000000000000001110000000000
000000000000001000111000000000
000000000000011000001000000000
000000000000000000000110000000
000000000000000000000111000000
000111000000000000000001100000
000011000000000001100001001100
000000000000000001100011101110
000000000000000000000001000001
000000000000000000000000000000
000000000000000000000000000000
000000000000000000000000000000
000000000000000000000000000000
000000000000000000000000000000
000000000000000000000000000000
000000000000000000011000000000
001111111111111111111111111110
