000000000000011111100000000000
000000000000111111110000000000
000000000001111111110000000000
000000000001111011110000000000
001100000001110001110000000000
000000000001110001110000000000
000000000001110001110000000000
000000000001110001110000000000
000000000001110001110000000000
000000000001110001110000000000
000000000001110001110000000000
000000000001110001110000000000
000000000001110001110000000000
000000000001110001110000000000
000000000001110001110000000000
000000000001111011110000000000
000000000001111111110000000000
000000000000111111101100000000
000000000000011111101000000000
000000000000000000000000000000
000000000000000000000000000000
000000000000000000000000000000
000000000000000000000000000000
000000000000000000000000000000
000000000000000000000000000000
000000000000000000000000000000
000000000000000000000000000000
000000000000000000000000000000
000000000000000000000000000000
010000000000000000000000000000
