000000000000000000000000000000
000000000000000000000000000000
000000000000000000000000000000
000000000000000000000000000000
000000000000000000000000000000
000000000000000000000000000000
000000000000000000001110000000
000000000000000001111111000000
000000000000000111111111110000
000000000000001111111111111000
000001000000011111001011111000
000111000000011110111011111000
000111100000111100011111111001
000001100000111100110110111000
010001000000111000000110111000
011000000000111000000111111000
000000000000111000001111111000
000000000000111010011111110000
000001000000111111101111110000
000011000000111111011111100000
000011000000111111111111000000
000000000000101111111110000001
000000000000000000000100000001
000000000000000000000000000000
000000000000011000000000000000
000000000000110000000000000000
000000000000111000000000000000
000000000000110000000000000000
000000000000110000000000000000
000000000000011000000000000000
