000000000000000000000000000000
000000000000000000000000000000
000000000000000000000000000000
000000000000000001000000000000
000000000000000011100000000000
000000000000000001011000000000
000000000000000001111111000000
000000000000000011111111100000
000000000000000111100111100000
000000000000001110000001110000
000000000000001100000000110000
000000000000000000000000110000
000000000001111000000000111000
000000000000111000000000111000
000000000001110000011000111000
000000000001110000000000111000
000000000000110000000001110000
000000000111110000000001111000
000000000110110000000001110000
000000000001111000000001110000
000000000000111000000011100000
000000000000011100000111100000
000000000000011110011111000000
000000000000001111111110000000
000000000000000111111100000000
000000000000000000000000000000
000000000000000000000000000000
000000000000000000000000000000
000000000000000000000000000000
000000000000000000000100000000
