000000000000000000000000001000
000000000000000000000000000000
000000000000000000000000000000
000000000000000000000000000000
000000000000000000000000000000
000000000000000000000000000000
000000000000000000000000000000
000000000000000001111000000000
000000000000000011111110000000
000000000000000111111111100000
000000000000001111000111111000
000000000000011110000111111000
000000000000011100000000111000
000000000000111000000000111101
000000000000111000000000111110
000000000001110000000000011100
000000000001110000000000011100
000000000001110000000000011000
000000000001110000000000111100
000000000001110000000000111000
000000000001110000000000111001
000000000001111000000001110000
000000000000111000000011110000
000000000000111000000011100000
000000000000011110001111100000
000000000000001111111111000000
000000000000000111111100000000
000000000000000000000000000000
000000000000000000000000000000
000000000000000000000000000000
