000000000000000000000000000000
000000000000000000000000000000
000000000000000000000000000000
000000000000000000000000000000
000000000000000000000000000000
000000000000000000000000000000
000000110000000000000000000000
000000110000000000000010000000
000000000000001100000011000000
000000000000011000000001100000
000000000000010000000001110000
000000000000100000000000110000
000000000001100000000000110000
000000000001100000000001110000
000000000001100000000001110000
000000000001100000000000110000
000000000011100000000000110000
000001000001100000000000110000
000001000001100000000000110000
000000000001110000000000110000
000000000000111000000001100000
000000000000111100000011100000
000000000000011111000111000000
001110000000000111111110000000
001110000000000111111110000000
000000000000000000000000000000
000000000000000000000000000000
000000000000000000000000000000
000000000000000000000000000000
000000000000000000000000000000
