000110000000000000000000000000
000000000000000000000000000000
000000000000000000000000000000
000000000000000000001100000000
000000000000000000001000000000
000000000000000000000000000000
000100000000000000000000000000
001100000000000000000000000000
111111110000000000000000110000
111010111000000000000000110000
111000111000000000000000000000
111110011000000000110000000000
011110000000000011111111000000
001100000000000111111111111001
000000000000001111101111111111
000000000000111110000001111000
000100001011111110000111111000
001111111110111111000110111100
100001110111111011000111111100
110001111111111111111001011100
111111110111111000111000111100
101111111111110100000000111100
111111011011111000000000011110
000000000001110000000000111000
000000000001111000000001111000
000000000001111100000011111000
000000000001111000000011110000
100000000000111100000011110000
110000000000111111011111100000
110010000000011111111111000000
