000000000000000000000000000000
000000000000000000000000000000
000000000000000000000000000000
000000000000000000000000000000
000000000000000000000000000000
000000000000000000000000000000
000000000000000000000000000000
000000000000011111111100000000
000000000000011111111111000000
000000000000011111111111100000
000000000001111110001111100000
000000000001111110000111110000
000000000000111110000111100000
000000000000111110000111100000
000000000001111100000111100000
000000000000111100000111100000
000000000000111110000111100000
000000000000111110000111100000
000000000000111110000111100000
000000000000111110000111100000
000000000000111110000111100000
000000110000111110000111100000
000000000000111110000111100000
000000000000111110000111100001
000000000000111111111111100000
000000000000001111111111000000
000000000000000111111110000000
000000000000000000001110000000
000000000000000000000000000000
000000000000000010000000000000
