000000000000000000000000000000
000000000000000000000000000000
000000000000000000000000000000
000000000000000011000000000000
000000000000000111000000000000
000000000000000110100000000000
000000000000000011110110000000
000000000000000111100111100000
000000000000001111111111110000
000000000000001111111111111000
000000000000011111001011111000
000000000001011110000111111000
000000000000111100000001111000
000000000000111100000001111000
000000000000111100000001111000
000000000000111100000001111000
100000000001010100111001111000
000000000001111000110001010000
000000000000111000100011111000
000000000000111111111011111000
000000000000111110011111111111
000000000000111111011111100111
000000000000011111111111000000
000000000000011111111110000000
000000000000001111111110000000
000000000000000000000100000000
000000000000000000000000000000
000000000000000001000000000000
000000000000000000000000000000
000000000000000000000000000000
