001001000000000000000111111111
101110000000000000000110110111
000100000000000000000011111000
001110000000000000000011111100
011111000000000000000011111000
111110000000000001110011110000
111100000000000111111111010010
111000000000001111111110100000
011111100110111110111111000000
010011100111111100000111100000
111001011110111000000111110000
011111111111110000000011110000
111110011111110000000001110000
111100011101110000001001110000
011111011011110000001001110000
000011110111100000000001110000
001011111111111111100001111100
111111111111111101101001111110
111011110111111011011001111010
111001111111111111111111100110
101111110111111111101011111110
111111000011111111111111110111
100111111111111111001111111110
000000111100011111111111111101
000000000000001111111110111011
000000000000000111111111011111
000000000000000010111111111110
000000000000000111111111111000
000000000000000011111110111100
000000000000000111111101111100
