000000000000000000000000000000
000000000000000000000000000000
000000000000000000000000000000
000000000000000000000000000000
000000000000000000000000000000
000000000000000000000000000000
000000000000001111111100000000
000000000000001111111100000000
000000000000001100001110000000
000001000000111000000011000000
000001000001110000000001100000
000000000001110000000001100000
000000000001100000000001100000
000000000000100000000000100000
000000000001100000000000110000
000000000001100000000001110000
000000000001100000000001100000
000000000001100000000000100000
000000000001100000000001100000
000000000000110000000001100001
000000000000111000000011100000
000000000000011000000011000000
000000000000001100001110000000
000000000000000111111100000000
000000000000000011110000000000
000000000000000000000000000000
000000000000000000000000000000
000000000000000000100000000000
000000000000000000100000000000
000000100000000001010000000000
