000000000000100000000011111100
000000000011110000000000111000
000000000111110000000000011110
000000001101110000000000111111
000000000110110000000000011000
000000010101110000000000000000
000000001000000000000000000000
000000000000000111111000000000
000000000000001111111100000000
000000000000011100001111000000
000000000000111000000111100000
000000000001110011000011100000
000000100011100000000011100000
000000100011111000000011100000
000000000001111000000011100000
000000110011111110100011100000
011001110011111111111111100000
011101110111110101110011111001
000111111111111111100111010001
001111110001111111111111110111
101110111000011111111101101111
111111111111111111111111111111
011001111110101110100111111111
000011000011000000000011110110
100110000000100000000000000000
111111000000110000000000000000
010111100001110000000000000000
110101000011110000000000000000
111010000001100000000000000000
010010000000000000000011000000
