000000010000001000010011010001
000000000000000000000111000000
000111001000000100000011100000
000111011000001100001101000000
000001100000011000011111100000
000001000000011000001011100000
000000000000110000011110000000
000000000001100000001010000000
000000000001100000000001100000
000000000001100000000001100010
000000000001100000000001100111
000000000000000110000011101111
000000000001001111111111111011
000000011011111111111111001111
011000011001100100001110000101
000000000001101100001110000000
000000000010110111000001000000
000000000110101111110111100000
110000001101111111111111110000
000000000001101001101111000000
100000110001100110011110000000
110000110011000111010101100000
100000000011111111111111100000
000000000000111000110111100000
000000000000000000000000000000
000000000000000000000000000000
000000000000011000000000000000
000000000000011000000000000000
000000000000000000000000000000
000000000000000100000000000000
