111100011100000000000000011100
000000001100000000000000000000
000000001000000000100000110000
000000011000000000100000111001
000000111000000000000000011001
000000111000001100000000011100
000000011000001001111111111100
000000011100000111111111100100
000000011100100111111111110000
000000101101101111111111110000
000001011110111111010011111100
000011111111011111111011111100
000010011111111111011111111100
000011101101111111001001111100
000001110111111111110001111100
000001111011111111111001111101
000110111100111111100101111111
100111101111111111100001111111
100001111101111111001001111011
000000111111111100001111111011
010001001101111110110111111100
111000000111111111111011111000
111100010111111111110111111100
100111111101011111111111111110
100011111111011111111111100001
100001001011111111111111100011
000000000111000111111111111000
000000000000000000111011111000
000000000000000000011010001101
000001100001011010001011111010
