000000000000000000000000000000
000000000000000000000000000000
000000000000000000000000000000
000000000000000000000000000000
100000000000000000000000000000
100000000000000000000000000000
100000000000000000000000000000
100000000000000011111111000000
010000110011001111111111100001
011000110011011111101111111000
011000000000111110000001111100
001000000000111100000000111100
001100000001111000000000111100
001100000001111000000000111100
000000000001110000000000011100
000000000001110000000000011100
000000000001110000100000001100
000010010001110001110000111100
000111011001110001110000111100
000011100001111000100000111100
000001000000111100000000111100
000000000000111100101001111000
000000000000011111110111110000
000000000000001111111111100000
000000000000000011111111000000
000000000000000000000000000000
000000000000000000000000000000
000000000000000000000000000000
000000000000000000000000000000
000000000000000000000000000000
