000000000000000000000000001000
000000000000000000000000000000
000000000000000000000000000000
000000000000000000000000000010
000000000000000000000000000000
000000000000000000000000000000
000000000000000111110000000000
000000000000000111110000000000
000000000000000000001100000000
000000000000011000000110000000
000000000000010000000011000000
000000000000100000000011000000
000000000001100000000000000000
000010000001100000000000000000
000110000001100000000000000000
000100000001100000000000000000
000000000001100000000001000000
000000000000100000000011000000
000000000000010000000011000000
000000000000011000000110000000
000000000000000000000000000000
000000000000000000000000000000
000000000000000000000000000000
000000000000000000000000000000
000000000000000000000000000000
000000000000000000000000000000
000000000000000000000000000000
000000000000000000000000000000
000011000000000000000000000000
000011000000000000000000000000
