000000000000000000000000000000
000000000000000000000000000000
000000000000000000000000000000
000000000000000000000000000000
000000000000000000000000000000
000000000000000000000000000000
000000000000000000000000000000
000000000000000000000000000000
000000000000000000000000000000
000000000000000000000000110010
100000000000000000000001110010
100000000000000000000001110000
100000000000000000000000000000
100000000000000000000000000000
100000000000000000000000000000
000000000000000000000000000000
000000000000000000000000000001
000000111100000000000000000110
000000011100000000000000000100
000110011000000000010000001000
001110010000001000011100000000
000000100000000000111100011000
000000000000000001001111111111
000000000000000011001110000111
000000000000000011000000000000
000000000000000010000000000000
000000000000000000000000000001
000000000011000000000000000000
000000000011000000000000000000
000000000011000000000000000000
