000000000000000000000000000000
000000000000000000000000000000
000000000000000000000000000000
000000000000000000000000000000
000000000000000000000000000101
000000000000000000000000000010
000000000000000000000000000000
000000000000000000000000000000
000000000000000000000000000000
000000000000000011000000000000
000000000000000011111100000000
000000000000000111111111100000
000000000000000111000000110000
000000000000111100000000011000
000000000001111000000000011000
000000000001110000000000001100
000000000000110000000000001100
000000000000100000000000011000
000000000000100000000000111000
000000000001100000000011110000
000000000001100000011011000000
000000000000011111101110000000
000000000000000111100000000000
000000000000000000000000000000
000000000000000000000000000000
000000000000000000000000000000
000000000000000000000000000000
000000000000000000000000000000
000000000000000000000000000000
000000000000000000000000000000
