000000000011010100000000000000
000000000001101000000000000000
000000000000010000000000000000
000000000000000000000000000000
000000000100000000000000000000
000000000110011000000000000000
000000001110000000000000000000
000000000100000000000000000000
000000000000000000000000000000
000000000000000000000000000000
000000000000000000000100000110
000000000000000011101100001011
000000000000000011011111111111
000000000000000011111011111111
000000000000000111010001111001
000000000000001111000000111000
000000000000001100000000111110
000000000000011100000000011110
000000000000111000000000011100
000000000000111000000000011111
000000000000111000000000011111
000000000000111000000000011111
000000000000111000000000111111
000000000000111000000000111000
000000000000111000000000011100
100000000000111000000000111000
110000000000111000000000110000
100001000000111110000001110000
100000111001111111001111111000
100000010100111111001110001000
