000000000001111111000000100000
000000000000111111100000001000
000000000001111111110000011100
000000000001111011110000001100
000000000001110001110000000000
000000000001110001110000000000
000000000001110001110000000000
000000001101110001110000000000
000000000011110001110000000000
000000000001110001110000000000
000000000001110001110000000000
100000000000110001110000000000
000000000001110001110000000000
100000000001110001110000000000
000000000001111001110000000000
000000000001111011110000000000
000000000001111111110000000000
000000000001111111100000000000
000000000000111111000000000000
000000000000000000000000000000
000000000000000000000000000000
000000000000000000000000000000
000000000000000000000000000000
000000000000000000000000000000
000000000000000000000000000000
000000000000000000000000000000
000000000000000000000000000000
000000000000000000000000000000
000000000000000000000000000000
000010001000000000000000000000
