000000001000001000000000000000
000000000000000000001100000000
000000000000000001111110000000
000000000000000011111111000000
000000000000001111110011100000
000000001110001111000011100000
000000001110011000000000000000
000000000100111000000011100000
000000000000111000000011100000
000000000001111000000111011000
100000000001110000000111011000
010000000001110000001111001000
111000000001100000001110000000
110000000001100000011110000000
100000000011100000111100000000
000000000001100001111000000000
000000000001110011110000000000
000000000000111111100000000001
000000000000001110000000000011
000000000100001000000000000111
000000001110000000000000001011
000000000111000000000000010011
000000000011000000000000000011
000000000011000000000000010001
100000011011000000000000000000
000000111100000000000000000001
000000011000000000000000000011
000000000000000000011000000011
000000000000000000011000000000
000001101010000000111000000000
