000000011101001111111111100001
000111111110001010110011111110
001111111111001110110001111110
000001110111000111111111100111
000000001110111110111010111111
000000001100111000001011110010
000000000000001001111111110110
000000000000010111110011100011
000000000000110111011100000010
000000011100111011111100101111
000000011111011101101001111101
000000001101110111111111101000
000000000110110111101111110000
000000000000111110111111110000
000000000000111111110001100000
000000000000111111110011111100
000001100001111110000111110110
111011100001110110000101110000
011101010111111011000011110000
111101100111110110110111011000
111111000010111111111111111100
110111110111111111111111111100
000000110010001111111111111111
000000100000000111000111111111
000010010000000001111101001100
000110011010010110110011000000
000000010111101011111111000000
000001111111011111110111111011
000011111101100110000011010111
001011101001110010010000001110
