000000000000000000000000000000
000000000000000000000000000000
000000000000000000000000000000
000000000000000000000000000000
000000000000000000000000000000
000000000000000000000000000000
000000000000000000000000000000
000000000000000000000000000000
000000000000000000000000000000
000000000000000000000000000000
000000000000000000000000000000
000000000000000000000000000000
000000000000000000001000000000
000000000000000000001100000000
000000000000000000001000000000
000000000110000000000000000000
000000000000000000000000000000
000000000000000000000000000000
000000000000000000000000000000
000000000000000000000000000000
000000000000000000000000000000
000000000000011110000000000000
010000010000011110000000000000
010000110100000000000000000000
000000001011100000000000000000
000000000001100011001000000000
000000000000000011001100000000
000000000000000000000000000000
000000000000000000000000000000
000000000000000000000000000000
