000000010000000000000000000000
000000000000000000000000000000
000000000000000000000000000000
000000000000000000000000000000
000000000000000000000000000000
000000000000000000000000000000
000000000000000000000000000000
000000000000000000000000000000
000000000000000000000000000000
000000000000000000000000000000
000000000000000000000000000000
000000000000000000000000000000
000000000000000110111000000000
000000000100001111111000000000
000000000000011110011000000000
000000000000111000000100000000
000000000111100000000110000000
000000001110010000000000000000
000000000000110000000000000000
001100000000110000000000000000
010000000000010000000010000000
000000000000010000000100000000
000000000000011000001100000000
000000000000000111111000000000
000000000000000011110000000000
000000000000000000000000000000
000000000000000000000000000000
000000000000000000000000000000
000000000000000000000000000000
000001100110000000000000000000
