001100000000000000000000000000
000000000000000000000000000000
000000000000000000000000000000
000000000000000000000000000000
000000000000000000000000000000
000000000000000000000110000000
000000000000000000000110000000
000000000000000000000000000000
000000000000000000000000000000
000000000000000000000000000000
000000000000000000000000000000
000000000000000000000000000000
000000000000001111110000000000
000000000000011111111000000000
000000000000111100111000000111
000000000000111000011100001111
000000000001110000011100001100
000000000001110000011100000000
000000000001100000011100000000
000000000001100000011100000000
000000000001100000011000000000
000000000001110000111000000000
000000000001111111110000000000
000000000000111111100000000000
000000000000111111000000000000
000000000000010010001100000000
000000000000000000000000000000
000000000000000000000000000000
000000000000000000000000000000
000000000000000000000000000000
