000000000000000000000000000000
000000000000000000000000000000
000000000000000000000000000000
000000000000000000000000000000
000000000000000000000000000000
000000000000000000000000000000
000000000000000000000000000000
000000000000000000000000000000
000000000000000110000000000000
000000000000000100000000000011
000000000001001000000000110000
000000000000011100000001110000
000000000000001100001111001100
000000000000011110011111001100
000000000000111111011000000000
000000000001001110000000000000
000000000000011100000000000000
000000000001110000000000000000
010000001110111000001011000000
000111011001111000000100000000
000111100011101110000000000000
000111000000011111100000000000
110000000000000011100000000000
100000000000000000000000000000
000000000000000000000000000000
000000000000000000000000000000
000000000000000000000000000000
000000000000000000000000000000
000000000000000000000000000000
000000000000000000000010000000
