010001000000000000000000000000
000000000000000000000000000000
000000000000000000000000000000
000010100000000000000000000000
100001100000000000000000000000
000000100000000000000000000000
000000100000000000000000000000
000000000000000000000000000000
000000000000000000000000000000
000000000000000000000000000000
000000000000000011111110000000
000000000000001111111111000000
000000000000011111111111100000
000000000000111111001111110000
000000000000111110000111110010
000000000001111100000111110010
000000000001111100000011110000
000000000001111100000111110000
000000000001111100000111110000
000000000001111100001111100000
000000000000111110111111100000
000000000000111111111111000000
000000000000011111111110000000
000000000000001111111100000000
000000000000000000000000000000
000000000000000000000000000000
000001000000000000000000000000
000000000000000000000000000000
000000000000000000000000000000
001000000000000100000000000000
