000000000000000000000000000000
000000000000000000000000000000
000000000000000000000000000000
000000000000000000000000000000
000000000000000010000000000000
000000000000000000000000000110
000000000000000000000000000110
000000000000000000000000000000
000000000000000000000000000000
000000000000000000000000000000
000000000000000000000000000000
000000000000000111111000000000
000000000000011111111100000000
000000000000111111111110000000
000000000000111100111111000000
000000000000111000001111000000
000000000001111000000111100000
000000000001111000000111100000
000000000001111000000111100000
000000000001111000010111100000
000000000001111000111111000000
000000000000111101110111000000
000000000000011111111110000000
000000000000011111111100000000
000000000000001111111000000000
000000000000000000000000000000
000000000000000000000000000000
000000000000000000000000000000
000000000000000000000000000000
000000000001000000000000000000
