000000000000000000111000000000
000000000000000000111000000000
000000000000000000111000000000
000000000000000001000100000000
110110000000000011100000000000
111110000000001001000000000000
011000000000000000000000000000
000000000000000000000000000000
000000000000000100001000000000
000000000000000010001110000000
000000000110000000000110000000
001110000111010000000000000000
011110000011000000000000000000
000000000000000000000000000000
000000000000000000000000000000
000000000000000000000000000000
000000000000000000000000000000
000000001100000000000000000000
000000001100000000000100000000
000000000000000000000100000100
100010000000000000000000000100
110011000000000000000000001010
010000000000000000000000010100
000000000000000000000000000000
100000010000000000000000000000
111100110000000000000000000000
001101110000000000000000000000
000000111000000000000000000000
000000011000000000000000000000
000000000000000000000000000000
