000000000000111110000000001100
000000000001111110000000000100
000000000011111100100000000010
000000000111110101100100000110
000000000110011011110011111100
000000000111110001100001110000
000000000001110000100000100000
000000000001110001100000000000
000000000001110001110000000000
000000000001011111110000100000
010000000001111100000000100000
110010000000111110000000000000
001100000000100001100000000000
000100000000100001100000000000
000000000001100000000000000000
000000000001110000000000000000
000000000001110000000000000000
000000000001110000000000000000
000000000000100000000000000000
000000000000000000000000000000
000000000000000000000000000000
000000000000000000000000000000
000000000000000000000000000000
000000000000000000000000000000
000000000000000000000000000000
000000000000000000000000000000
000000000000000000000000000000
000000000000000000000000011000
000000000000000000000000011000
000000000000000000000000000100
