000000000000000001100000000000
000000000000000000000000000000
000000000000000011111100000000
000000000000011111111110000000
000000000000001111100110000000
000000000000000110000010000000
000000000000001110000111000000
000000000000011100001111000000
000000000000011100011111000000
000000000000111000111110000000
000000001100111111111000000000
000000000001111111100000000000
000000000001111110000000000000
000000000011100000000000000000
000000110011100000000000000000
000000110011000000000000000000
000000000010000000000000000000
000000000000000000000000000000
000000000000000000000000000000
000000000000000000000000000000
000000000000000000000000000000
000000000000000000000000000000
000001100001100000000000000000
000000111111111000000000000000
110000111110000111000000011000
110000001000000011000000011011
000000111100000000000000000001
000000011100000000000000000000
000000000000000000000000000000
000100010100000000000000000000
