111111111111111111000000000000
010000000000111010000000000000
000000000000000000000000000000
000000000000000000000000000000
000000000000000000000000000000
000000000000000000000000000000
000000000000000000000000000000
000000000000001100001000000000
000000000000001100010110000000
000000000000001100000010000001
000000000000001100000001000001
000000000000001100000010000010
000000000000001100000001001011
000000000000001100000011001111
000000000000001100010011000010
000000000000001110111000000000
000000000000001100100000000000
000000000000001100000000000000
000000000000001000000000000000
000000000000000000000000000000
000000000000001000000000000000
000000000000011000000000000000
000000000000010000011000000000
000110100000111100000000000000
001111100000011110000000000000
000001000000000100000000000000
000000000000000000000000000000
000000000000000011000000000000
000000000000011011000000000000
001000000000010110000000000000
