001100000000110000000000000000
000000000000110000000000000001
000000000000100000000000000001
000000000000000000000000000001
000000000000001111110000000011
000000000000111111111111111111
000000000001111111111111110110
000000000001111111111111110000
000000000001111111111111110000
000000000001111111011111110000
000000000001111111011111110000
000100000001111111111111110000
001110000001111111011111110000
001100000001111111111111110000
000100000001111111111111111111
000000000001111111111111111111
000000000001111111111111110000
000000000011111111000001000000
000000000101111110000000000000
000000001111111110000000000000
000000000111111110000000000000
000000000001111110000000000000
000000000001111110000000000000
000000000000001100000000000000
000000000000000000000000000000
000000000000000000000000000000
000000000000000000000000000000
000000000000000000000000000000
000000000000000000000000000000
000000000000000000000000000000
