100000000010000000000000000000
000000000000000000000000000000
000000000000000000000000000000
000000000000000000000000000000
001000110000000000000000000000
100001110000000000000000000000
000011000000001000010000000000
000000000000011100111000000000
000000000000011000011000000000
000000011100000000011011000000
000000010010000000011000000000
000000000001000000011000000000
000000000010011000110000000000
000000000010011000100100000000
000000000010001000000000000001
000000000000000000000000000000
000000000000001000000000000000
001000000000010000000000000000
011100000000001000000000000000
011111010100001000000000000000
001111111100101100000000000000
011000111101111100000000000000
000000001111111011100000000000
000000000000000111101111000000
000000000000000001111111111100
000000000000000000000011111101
000000000000000000000000001111
000000000000000000000000000100
000000000000000000000000000000
000000000000000000001000010000
