000001101000000000000000000000
000000000000000000000000000000
000000000000000000000000000000
000000001000000000000000000000
100000001111011111111111000001
111000100110011111111111100001
000000111011111010000011110000
000000011111111100000011110001
000000000000011110011001110001
000000000000011100111111110110
000000000000011100010011111111
000000000000011100000111110111
000000000000111111000011110110
000000000000111110111111100000
000110000000011111111110000000
001110000000011101100000000101
001100000000011100000000000111
000000000000011100000000000111
000000000000011100000000001010
000000000000011110000000101100
000000000010011110000000111100
000000000011011110000000011000
000000000011111110000000111000
000000000000000000000000110000
000000000000000000000000110000
000000000000010000000000100000
000000000000000000000001000000
000000000000011000000001000000
000000000000011000000000000000
001000000000111000000010001000
