100000000000000000000000000001
100000000000000000000000000011
000000000000000000000000000001
000101000000000000000000000000
000000000100000000000000000001
000000000000000010100000000001
000000000000001111111111111110
000000000000011111011111111101
000000000000011111111111111110
000000000001111100000111111100
000000000111110000000110111100
000000000111111011000000111100
000000000101111111000001111100
000000000011111111000111111000
000000000001111111111111111000
000000000000000111111111110001
000000000000001111111110000000
000000000000001111111000000000
000000000000001111100000000000
000000000000011111100000000000
000000000000001111000000000000
000000000000011010000000000000
000000000000001110000000000000
000000000000001111100000000000
000000000000001111100000000000
000000000000001111100000000000
000000000000000111100000000000
000000000000000011000000000000
110000000000000000000000000000
110000000000100000000000000000
