000000000000000000000000000000
000000000000000000000000000000
000000000000000000000000000000
000000000000000000000000000000
000000000000000000000000000000
000000001000000000000000000000
000000010000000000111001100000
000000000000001111111101111100
000000000000011111111111111110
000000000000110000110111111100
000000000001110000000000111100
000000000001110010000000011100
000000000001110111000000111100
000000000000111111000011111000
000000000000000111001111110000
000000000000000111111111001100
000000000000001111110110001100
000000000000001111011001010000
000000000000001110100000100000
000000000000011111000000000000
100000000000001110000000000000
000000000000000110000000000001
000000000000000111100000000000
100000001100001111100000000000
110000001100000111000000000000
100000000000000111100000000000
000000000000000111100000000000
000000000000000011000000000000
000000000000000000000000000000
000000000100000010000000000000
