000000000000000000000000000000
000000000000000000000000000000
000000000000000000000000000000
000000000000000000000000000000
000000000000000000000000000000
000000000000000000000000000000
000000000000011111111100000000
000000000000111111111110000000
000000000000111111111111000000
000000000000111000001111000000
000000000000111000000111100000
000000000000111000000011110000
000000000000111100000011110000
000000000000111100000111100000
000000000000111000001111000000
000000000000111111111111000000
000000000000111111111110000000
000000000000111111111100000000
000000000000111100000000000000
000000000000111000000000000000
000000000000111000000000000000
000000000000111000000000000000
111000000000111000000000000000
011100000000111000000011000000
000000000000010000000000000000
000000000000000000000000000000
000000000000000000000000000000
000000000000000000000000000000
000000000000000000000000001100
000000000000000000000000001100
