000000000000000000001000000000
100000000000000000001100001100
000000000000000000000100011111
000000000000000000000000011011
000000000001011000000000001000
000000000010111000010000000000
000000000000001111111110000000
000000000000001111111111000000
000000000000011111111111100000
000000000000011111001111100000
000000000000011110000111100000
000000000000011110000111100000
000000000000011110001111100000
000000000000110100001111100000
000000000000111100011111100000
000000000001111111111111000000
000000000000111111111111000000
000000000000111111111110000000
000000000000111100000000000000
000000000001111000000000000000
000001100001111000000000000000
010001000001111000001100000000
100000000001111000001000000000
000000000001111000000000000000
000000000001110000000000000000
001000000000000000000000000000
001000000000000000000000000000
000000000000000000000000000000
000000000000000000000000000000
010000000000000001000000000000
