000000000010000000000000000000
000000000000000000000000000000
000000000000000000000000000000
000000000000000000000000000000
000000000000000000000000000110
000000000000000000000000000000
000000000000000000000000000000
000000000000011000100000000000
000000000000011001100000000000
000000000000010000000000111000
000000000000000100000000011000
000000000000000000000000100000
000000000000000000000001100000
000000000000000000001111000000
000000000000001101001011000000
000000000000000110000000000000
000000000000000000000000000000
000000000000000000000000000000
000000000000000000000000000000
000000000000000000000000000000
000000000000011000000000000000
000000000001101110110000000000
000000011001111111110000000000
000000011000000000000000000000
000000000000000000000000000000
000000000000000000000000000000
000000000000000010000000000000
000000000000000110000000000000
000000000000000000000000000000
000000000000000000000000000000
