000101110000111100000000000000
000000000001111001100000000000
000100000011110001110000000000
101100100110011100110000000000
111111111111111111110000000000
011101101011011011100000000000
000011011011001000000000000000
000111011101001100000000010000
000001110111100111000011111000
000001011101110010000111101000
001110010110110100001111110000
001100111000111111111111100011
001100010000111111111111100111
001000000000011111111111110111
000100000000011111110111111111
100000000000111110000011111111
100000000000111110000001111000
100000000000011111111001110000
100000000011111111111011111101
111000000111111111101111100001
001100001111111110111111100000
001100000011111111111111100001
001100000001111001100000110001
000100000001111111100000000000
000000111001111100010000000000
100001111111111111111000000110
110000011111111111000000001111
011000000011111110000000011111
111001000010100111000000011111
110011100001111110000100001111
