000000000000000110000000000000
000000000000000000000000000000
000000000000011000000000000000
000000000000011100000000000000
000000000000010100000000000000
000000000000111011000000000000
000000000000011111000000000000
000000000000000000000000000000
000000000000000000100011100000
000000000010000000110011110000
000000000011111111111010011110
000000000011111111111111001000
000000000000111110011111000000
000000000000111100000111100000
000000000000111000000011100000
000000000000111000000011100000
000000000000111000000011100000
000000000000111110000111100000
000000000000111110000111101000
000000000000111111101111010000
000000000001111111111111100000
000000000001111011111100000001
000000001001111111111000000001
000000010010111000010000000000
000000011111111000001110000000
000000110111111111000100000000
000000000011111111000000000000
000000000001110000000000000000
000000000000000000000000000000
000000000000000010000000000000
