000000000000000000011000011010
000000000000000000000000111001
000000000000000000000101010000
000000000000000000001000110000
000000000000000000001000110110
000000000000000000011100100100
000000000000000001101000111100
000000000000000000000000000000
000000000000000000000000000000
001010000000000000000000000000
000000000000000000000000000000
000110000000011100000000000000
000110000000011100000000000000
000000000000011100000000000000
000000000000011000000000000000
000000000000010000000010000000
000000000000000001100010000000
000000000000000011010000000000
000000000000000010100011000000
000000000000000011000110000000
000000000000000011001000000000
000000000000000001110000000000
000000000000000000011000000000
000000000000000000000000000000
000000000001100000000000000000
000000000001100000000000001111
000000000001000000000000110101
000000000111111000000001111010
000000000111011000000000110111
000000000000000000000000111011
