000101110101110100011000110111
111101111111101100010001011101
101101110110111000111111110000
100111100100001001001111111000
000111100110000110111111010101
110011001110001011101001111111
101111101101101111000000011111
001101110111110100100000010111
111111110111111101110000011000
111101011101010111110000110100
101111111110111111111101011000
111111111101111111111110110000
011101011011111111111111001001
111100111111111100111111000111
110000110111111011111111001111
110000110011111110011111100111
100000100010111110001111111011
110110110001111100011111111110
111111011011111100001111111110
011101010011111110011111100101
110111111111111111111110111111
000011111111111111111101111111
010101111001010010101110111010
111111011011111110010001000100
110111101101111100011011100000
101111100101111101011111100000
111111101111111111110101100000
111101111111011101010011110010
110110101111111111111101110101
001010111001111110100111101011
