000000000000100000000000000010
000000000000000000000000000000
000000000000000000000000000000
000000000000000000000000000000
000000000000000000000000000000
000000000000000000000000010000
000000000000101100000000011000
000000000000011100000000001100
000000000000010100000000000010
000000000000001100000000000000
000000000000000000000000000000
000000000000000000000000000000
000000000000111000000111000100
000000000000111100011111100110
000000000000111101101111100010
000000000000111111111011010001
000000000000111101110010110000
000000000001111011000111110000
000000000001111111000111100000
000000000000101110001011000000
000000000000111100001110000000
000000000000111110111110000000
000000000000111111110100000000
000000000000010111101000000000
000000000000111111110000000000
000000000000111111100000110000
000000000001101111000000110000
000000000110111000000000110000
000000000011111000000000110000
000000000011010100000100100000
