000000000000000000000000000000
000000000000000000000000000000
000000000000000000000000000000
000000000000000000000000000000
000000000000000000000000000000
000000000000000000000000000000
000000000000000000000000000000
000000000000000000000000000000
000000000000000000000000000000
000000000000000000000000000000
000000000000000000000000000000
000000000000000001111100000000
011000000000011110011110000000
000111000000111100000010000000
000011100000110000000011000000
000000000000110000000011000000
000000000001111000000001000000
000000000010011000000111000000
000000000011111100001111000000
000000000011111100011101000000
000000000010111110001110100000
000000000011011111111101110000
000000000001111011111111110011
000000000000110000000000000011
000000000000110000000000000000
000000000000110000000000000000
000000000001110010000000000000
000000000000000000000000000000
000000000000000000000000000000
000000000000000000000000010000
