000000000000000000000000000000
000000000000000000000000000000
000000000000000000000000000000
000000000000000000000000000000
000000000000000000000000000000
000000000000000000000000000000
000000000000000000000000000000
000000000000000000000000000000
000000000000000000000000000000
000000000000000000000000000000
000000000000000000000000000000
000000000000000000000010000000
000000000000011111111111000000
000000000000111111111111000000
000000000000111111111111000000
000000000000111110001111100000
000000000000111110001111100000
000000000000111110011111110000
000000000000111111001111110000
000000000000111110000111110000
000000000001111111001111111000
000000000001111110001111100000
000000000000111110000111100000
000000000000111110000111100000
000000000000111110001111100000
000000000000111111110111100000
000000000000111111111111000000
000000000000111110000000000000
000000000000111110000000000000
000000000000111110001100000000
