100001101011000110000000000001
000111110001001100000000000000
111010100000001100000000000001
001101000010000000000000000000
000111100000000000000000000000
100000011000000000000000000000
000000000111110000000000000010
000000000011110000000000000000
000000000000100100110000000000
000000000000100111111010000000
000000000000110111100101000000
000000000000110011100001000000
000011000000010001110000100000
000011000000110000000001110011
000011000000010000000001110011
000000000000000000000000100000
000000000000000000100011110000
000000000001111001111111100000
000000000001111111111110100000
000000110011111111111101100000
000000110011111110111100000000
000000000001111100011100000000
000000000001111000001111100000
000000000001111000001111100000
000000000001111100011111000000
000000000001111000111111000000
000000000001111000011110100000
000000000001111101111100000000
000000000001111111111000000000
000000000001111111110101100000
