000000000000000000000000000000
000000000000000000000000000000
000000000000000000000000000000
000000000000000000000000000000
000000000000000000000000000000
000000000000000000000000000000
000000000000000000000000000000
000000000000000000011110000000
000000000000000000011110000110
000000000000000000000000000111
000000000000000000000000000010
000000000000000000000000000000
000000000000000000000000000000
000000000000000000000000000000
000000000000000010000000000110
000000000000000011000000000010
000000000000000011000000000000
000000000000000011000000000000
000000000000000000000000000000
000000000000000000000000000000
000000000000000000000000000000
000000000000000000000000000000
100000000000000000000000000000
000000000000000000000000000000
001100000000000000000000000000
001100000000000000000000000000
000000001000000000000000000000
000000011000000000000000000000
000000010000000000000000110000
000000100000000000000000110000
