000001001000000000000000000000
000000001000000000000000000000
000010000000000000000000000000
000000000000000000000000000000
100100000000000000000000000000
011110101000000000000000000000
111111111000000000000000000000
110001111000000000000000000000
000000011111000000000000000000
000000000111100000000000000000
000000000010110010000000000000
000000000001001111011100000000
000000000011111111111100000000
000000000011111111111100000000
000000000011111111111100000000
000000000011111100111110000000
000000000001111000011110000000
000000000011111110111111001101
000000000011111100011111111111
000000000011111100011100011011
000000000011111100011100000000
000000000001111100011100000000
000000000011111111111100000000
000000000011111111111100000000
000000000001111111111000000000
000000000001111011100000000000
000000000001111001000000000000
000000000001111000000000000000
000000000001111000000000000000
000000000001111000000000000000
