000000000000000000000000000000
000000000000000000000000000000
000000000000000000000000000000
000000000000000000000000000000
000000000000000000000000000000
000000000000000000000000000000
000000000000000000000000000000
000000000000000000000000000000
000000000000011000000000000000
110000000000111111111000000000
110000000001111111101110000000
101100000001111111111111000000
011100000001111111111111100000
001100000001111100011111100000
000000000001111100001111100100
000000000001111100011111110000
000000000001111100011111100000
000000000011111110001111100000
000000000001111100011111100000
000000000001111110111111000000
000000000001111111111111000000
000000000001111111111110000000
000000000001111111111110000000
000000000001111100000000000000
000000000001111100000000000000
000000000001111100000000000000
000000000001111000000000000000
000000000000110000000000000000
000000000000110000000000000000
000000000000100000000000000000
