000000000000000000000000001100
000000000000000000000000000001
000000000000000000000000000000
000000000000000000000000000110
000000000000000000000000000110
000000000000000000000000000000
011000000000000000000000000000
011000000000000000000000000000
000000000000000000000000000000
000000000000000000000000000000
000000000000010001110010000000
000000000000111110111110000000
000000000000111111011100000000
000100000000111111001110000000
001000000000110000000110000000
000000000001110000000110000000
000000000001110000000110000000
000000000001110000000110000000
000000000000110000000110000000
000100000001111000000110000000
000000000000111100011110000000
000000000000111100011100000000
000000000000111111111000000000
000000000001111101110000000000
000000000000110000000000000000
000000000000110000000000000000
000000000000110000000000000000
000000000000110000000000000000
000000000000000000000000000000
000000000000000000000000000000
