000000000000000000000000000000
000000000000000000000000000000
000000000000000000000000000000
000000000000000000100000000000
000000000000000001100000000000
000000000000000000000000000000
000000000000000001000100001000
000000000000000010000000000000
000000001100000000000000000000
000000001100000000000000000000
000000000000000000000000000000
000000000000000000000000000000
000000000000011111111110000000
000000000000111111111111000000
000110000000111111111111100000
000110000000111111101111100000
000000000001111110001111100000
000000000000111111100111110000
000000000000111111111111110000
000000000000111110001111111000
000000000000111110000111110000
000000000000111110001111100000
000000000000111110001111100000
000000000000111110001111100000
000000000000111110001111100000
000000000000111111111101100000
000000000000111111101110000010
000000000000111111001100000000
000000000000111110001100000000
000000000000110101000000000000
