000000000000000000000000010000
000000000000000000000000000000
000000000000000000000000000000
000000000000000000000000000000
000000000000000000000001000000
000000000000000000000011100000
000000000000000000000011000000
000000000000000000000011000000
000000000000000000000000000000
000000000000000000000000000000
000000000000000000000000000000
000000000000000000000000000000
000000000000000000000000000000
000000000000000000000000000000
000000000000000011000000000000
000000000000000000000000000000
000000000000000000000000000000
000000000000000000000000000000
000000000000000000011000000000
000000000000011000111100000000
000000000000011000111110000000
000000000000000000001100000000
000000000000000000000000000000
000000000000001000000000000000
000000000000011000001100000000
000000000000011000001100000000
000000000000011000011000000000
000000000000111000000000000000
000000000000111000000000001100
000000000000111110000000001100
