000000000000000000000000100000
000000000000000000000000000110
000000000000000000000000000111
000000000000000000000000000110
000000000000000000000000001110
000000000000000000000000001101
000000000000111100000000001111
111000000000111000000000000000
011000001000000000000000000000
000100001110000000001100000010
001100011111001001001100000111
001100011111111011111100000111
000010001111111111111100000111
000110001110111110101110000111
000110011000111100011110000000
000100000001111000001111000000
000000000000111000011111000000
101000000000111101110111000000
111110000000111000101110000000
000101100111111100011110000000
000111000111111110011110001100
000000000001111111111100011100
100000000000111111111100111100
110000000000111010000000000000
001000000000111100000000000000
000000000000111000000000000000
000000000001111100000000000000
000000000011111111000000000000
000000000011000010000000000000
000000000011110001000000000000
