000000000000000000000010000000
000000000000000000000000000000
000000000000000000000000000000
000000000000000011000000000000
000000000000000011000000000000
000000000000000000000000000000
000000000000000000000000000000
000000000011000000000000000000
000000000001100000000000000000
000000000000000000000000000000
000000000000000000000000000000
000000000000000000000000000000
000000000000000000000000000000
000000000001111111000000000000
000000000011110111100000000000
000000000011000001110000000000
000000000000000000110000000000
000000000000000000110000000000
000000000000000000000000000000
000000000011000000000000000000
000000000011000000110000000000
000000000000000000110000000000
000000000001010001100000000000
000000000001111011000000000000
000000000001111100000000000000
000000000000011000000000000000
000000000000000000000000000000
000000000000000000000000000000
000000000000000000000000000001
000000000001000000000000000001
