000000011011110001101110011110
000000011011111011101011011000
011011111110011110011111110111
001111101000001111111111101111
110101110000010101111111011101
111001001111111011010111111101
111000110111111110010001111011
000000001101101101111010111101
000000000101001011110101101111
000000000111001110111111001111
000000000100001111111011111111
000000001000001100110100011111
000000001101111111111111010111
000000000101111111111111101110
000000000011111111111111111111
000000000001111111111111111011
000000000000111110011111111111
000000000000111110001111111110
000000000000111110001111110100
000000000000111110001111111111
000000000000111110001111101110
000000000001111110001111111100
000000000000111110001111101000
000000000000111110011111101100
100000111111111111111111101110
110101111111111111111111101111
110011111101111111111111011111
110101111101111111000110100111
000011001100111111000001111111
100011101111111111111111101101
