000000000000000000000000000000
000000000000000000000000000000
000000000000000000000000000000
000000000000000000000000000000
000000000000000000000000000000
000000000000000000000000000000
000000000000000000000000000000
000000000000000000000000000000
000000000000000000000000000000
000000000110000000000000000000
000000000000000000000000000000
000000000000011110011111000000
000000000000111111111111100000
000000000000011111100011110000
000000000000011111000001110000
000000000000011100000001110000
000000000000011100000001110000
000000000000011100000001110000
000000000000011110000011110000
100000000000111111001111100000
100000000000111111111111000000
000000000000111011111100000000
000000000000111000000000000000
000000000000111000000000000000
000000000001111000000000000000
100000000011111110000000000000
000000000011101111110000000000
000000000000000001100000000011
000000000000000000000000000011
000000000010001000000000000001
