000000000000000000000000000000
000000000000000000000000000000
000000000000000000000000000000
000000000000000000000000000000
000000000000000000000000000000
000000000000000000000000000000
000000000000000000000000000000
000000110000000001100000000000
000000110000000011100000000000
000000110000000011000000000000
000000001100000111000000100110
000000000100001011110001111111
000000000011111110110000100101
000000000001111110000000000010
000000000011111000000000010000
000000000001010000000000000000
000000000110000000000000000000
000000000100000000011000000000
000000001000000000011000000000
000000010000011000011000000000
000000010000011000011000000000
000000000000011100000000000000
000000000000011100000000000000
000000000000111000000000000000
000000000000110000000000000000
000000000000110000000000000000
000000000000110000000000000000
000000000000110000000000000000
000000000000110000000000000000
000000000000110000000000000000
