010000000000000000010000000000
110000000000000000000000000000
010000000000000000000000000000
100000000000000000000000000000
000000000000000000000000000000
000000000000000000000011000000
000000000000000000100010000000
000000000000000001000000000000
000000000000000000000000000000
000000000000000000000000000000
000000000001101110000000011110
000000000001111110010000011110
000000000001111010110000000000
000000000011101111110000000000
000000000011001110110000000000
000000000011000110110000000000
000000000011001100100000000000
000000000011111100000000000000
000000000110011000000000000000
000000000111011000000100000000
000000000110011100010010000000
000000000000001100011010000000
000000000000000000110000000000
000000000000000000100000000000
000000000000000000000000000000
000000000000000000000000000000
000000000000000000000000000000
000000000000000000000000000000
000000000000000000000000000000
000000000000000000000001000000
