000000000000000000000000000000
000000000000000000000000000000
000000000000000000000000000000
000000001100000000000000000000
000000000000000000000000000000
000000000000000000000000000000
000000000000000000000000000000
000000000000000000000000000000
000000000000000000000000000000
000000000000000000000000000000
000000000000000000000000000000
000000000000111111110011000000
000000000000011111110011100000
000000000000001111000001100000
000000000000001100000000110000
000000000000001100000001110001
000000000000011000000011100000
000000000000011000000001110000
000000000000011110000011100000
000000000000011110000011000000
000000000000011111001110000000
000000000000110111001100000000
000000000010110000000000000000
000000000001110000000000000000
000000000000110000000000000000
000000000000110000000000000000
000000000000110000000000000000
000000000000000001000000000000
000000000000000011100000000000
000000011111111101000000000000
