000000000000000000100100000000
000000000000000000000000000000
000000000000000000000000000000
000000000000000000000000000000
000000000000000001100000000000
000000000000000001100000000000
000000000000000011000000000000
000000000000000011000000000000
000000000000000011011100000000
110000000001000001111110000000
110000000001100011001110000000
100000000000000001010111000000
111000001111001111111111100000
011111001111011111111111100000
000111001101111111111111110011
000000111001111011111101100011
000000011111110011011101000000
000000001111111011111110000000
000000000111110111011011001100
000000000001111111111000000000
000000001101111111111000000000
000000011101111111111110000000
000000011101111111111100000000
000000000000111111111101111000
000000000000111111111111010000
001111000001110011111111111100
001111000000000011111110111100
000000000000000111111111011111
000000000000001111100000100001
001100000010001111100101010110
