000000000000110010100000000010
000000000000000000000000000000
000000000000000100000000000000
000000000000000000000000000000
000000000000000000000000000000
000000000000000000000000000000
000000000100000000000000000000
000000001110000000000000000000
000000111110000000000111000011
000000101110000000000111100011
000000000010000000000000110111
000000000000111000000000101001
000000000000111000001111111011
000000000000111000001101101101
000000000000110000000011000110
000000000000010000011111101110
000001111100111011111111100100
010011111110010001101111110000
111100101101011101111101110000
011101001111011111111101110000
111011110011111111011111010000
011011011111011110011110000000
011011111011111011111111001000
011011110001111111111100000100
010011110001110011111110101010
110111100001111101111111110111
111111101111111111111111111111
001110000111111111111100111100
001110000111111111111100000111
101100101110111001111101000010
