000000000000000000000000000000
000000000000000000000000000000
000000000000000000000000000000
000000000000000000000000000000
000000000000000000000000000000
000000000000000000000000000000
000000000000000000000000000000
000000000000000000000000000000
000000000000000000000000000000
000000000000001111111110000000
000000000000011111111111000000
000000000000111111111111000000
000000000001111111111111100000
000000000001111100011111100000
000000000001111100011111100000
000000000001111100011111100000
000000000001111100011111100000
000000000001111100011111100000
000000000001111100011111000000
000000000001111111111111000000
000000000001111111111111100000
000000000001111111111111100000
000000000000011111111111000000
000000000000000000011111100000
000000000000000000011111100000
000000000000010000011111100000
000000000000000000001111000000
000000000000010000000000000000
000000000000000000000000000000
000000000000001000010000000000
