000000000000000000000000000000
000000000000000000000000000000
000000000000000000000000000000
000000000000000000000000000000
000000000000000000000000000000
000000000000000000000000000000
000000000000000000000000000000
000000000000000000000000000000
000000000000000000000000000000
000000000000000000000000000000
000000000000000000000000000000
000000000000000000000000000000
000000011000000000000000000000
111110111111000110000000000000
111101011010011111001111100000
000000111100011110001111100000
000000000000111100110111100000
000000000000111111111111100000
000000001000011101111111111100
000000001000011110011111111100
000000000000111110001111100000
000000000001111000000011100000
000000000001101000000111100000
000000000000000010001101100000
000000000000001111001111100000
000000000000000111000111100000
000000000000000000000101100000
000000000000000000000111100000
000000000000000000000111100000
000000000000000000000101100000
