000000000000000000000000000000
000000000000000000000000000000
000000000000000000000000000000
000000000000000000000000000000
000000000000000000000000000100
000000000000000000000000000110
000000000000000000000000000000
000000000000000000000000000000
000000000000010000000000000000
000000000000111111111111100000
100000000000111111111111110000
000000000001111111111111110000
000000000001111111111111100000
000000000001111110001111100110
000000000001111000011111100000
000000000001111000101111000000
001100000011111111001111101100
111111100011111011001111111100
101111011111111111001111100100
000000001011111110011111101110
000000011011111111111111000111
011000111111111111111111000100
001000001000111111111111111110
000000001100011011101111000000
000000001100000000001111000000
000000000000000000001111000000
000000000000000000000111000000
000000000000000000000000000000
000000000000000000000000000000
001011001000000000000000000000
