000000000000000000000000011000
000000000000000000000000000000
000000000000000000000000000000
000000000000000000000000000000
000000000000000000000000000000
000000000000000000000011100000
000000000000000000000001100000
000000000000000000000000000000
000000000000000000000000000000
000000000000000000000000000000
000000000000001111100100000000
000000000000011111111110000000
000000000000111000111110000000
000000000001111000011110000000
000000000001110000001110000000
000000000001100000001110000000
000000000001100000001110000000
000000000001100000001110000000
000000000001110000001110000000
000000000001110000001110000000
000000000000111000001110000000
000000000000111000011110000000
000000000000011111111110000000
000000000000001111101110000000
000000000000000000001110000000
011000000000000000001110000000
011000000000000000001110000000
011000000000000000011111000000
000000000000000000001110000000
000000000000000000000000000000
