000000000000000000000000000000
000000000000000000000000000000
000000000000000000000000000000
000000000000000000000000000000
000000000000000000000000000000
000000000000000000000000000000
000000000000000000000000000000
000000000000000000000000000000
000000000000000000000000000000
000000000000000000000000000000
000000000000000000000000000000
000000000000000001111100000000
000000000000000111111111100000
000000000000001110000011100000
000000000000011100000001100000
000010000000011000000001100000
000000000000010000000001000000
000000000000010000000011000000
000000000000110000111011000000
000000000000011000011111000000
000000000000011110011110001000
000000000110001110011000000000
000000000000000000000000000000
000000000000000000000110000000
100000000000000000000110000000
000000000000000000000110000000
000000000000000000000110000000
000000000000000000000000000000
000000000000000000000000000000
000000000000000000000000000000
