000000000000000000100000110000
000000000000000000000000011000
000000000000000000000000000000
000000000000000000000000000000
000000000000000000000000000000
000000000000000000000000000000
000000000000000000000000000000
000000000000000000000000000000
000000000000000000000000000000
000000000000000000000000000000
000000000000000000000000000000
000000000000000000000000000000
000000000000001111100000000000
000000000000011111111111000000
000000000000110000001111000000
000000000000110000000111000000
000000000000010000000011000000
000000011001100000000011000000
000000000000100000000111000000
000000000000000000000111000000
000000001000000000000111000000
000000001000011000001111000000
000000000000011111111111000000
000000000000000111110011000000
000000000000000011000011000000
000000000000000000000011000000
000000000000000000000000000000
000000000000000000000000000000
000000000000000000000000000000
000000000000000000000010000110
