000000000000000000000000000000
000000000000000000000000000000
000000000000000000000000000000
000000000000000000000000000000
000000000000000000000000000110
001100000000000000000000000000
000010000000000000000000000000
000000000000000000000000000000
000000000000000000000000000000
000000000001111111111100000000
000000000000011111111111100000
000000000000111111111111110000
000000000001111111111111110000
000000000001111100011111111100
000000000001111100011111100110
000000000001111100011000000001
000000000011111100001111100000
000000000001100100111111110000
000000000000011101011111100000
000000000000111110111111100000
000000000001111111111111000000
000000000000111111111111000000
000000000000011111111111100000
000000000000000000011111100000
000000000000000000011111100000
000000000000000000011111100000
000000000000000000001111100000
000000000000000000000000000000
000000000000000000000000000000
000000000000000000000000000010
