000010000000001000000000000000
000000000000000000000000000000
000000000000000000000000000000
000000000000000000000000000000
000000000000000010000000000000
000000000000000000000000000000
000000000000000000000000000000
000000000000000000000000000000
000000000000000000000000000000
000000000000000000000000000000
000000000000000000000000000000
000000000000000000000000000000
000000000000000000000000000000
000000000000001111111000000000
000000000000011111111100000000
000000000000111000011100000000
000000000001110000011100000000
000000000001110000011100000000
000000000001110000011100000000
000000000001110000011100000000
000000000001110000011100000000
000000000001110000011100000000
000000000000111111111100000000
000000000000011111111100000000
100000000000001111111100000000
100000000000000000011100000000
000000000000000000111100000000
000000000000000000011100000000
000000000000000000001100000000
000000000000000000011100000000
