000000000000000000000000110000
000000000000000000000000000000
000000000000000000000000000000
000000000000000000000000110000
000000000000000000000000000000
000000000000000000000000000000
000000000000000000000000000110
000000000000000000000000000000
000000000000000000000000000000
101100000110000000000000000000
101110000110000000010000000000
001100001111010010000011000000
011000001010111111101111000000
111100011111111111111111111011
011000001010111111111100011111
000000000111111010111100000000
000000000001110000011100000000
100000000001110000011000000000
100000000001100000011000000000
000000000001100000111000000000
000000000001111001111000000000
000000000001111001111000000000
000000000011111011110000000000
000000000000111111110000000000
000000000000111111110000000000
000000000000000011110000000000
000000000000000001110000000000
000000000000000001110000000000
000000000000000001100000000000
000000000000000011100000000000
