000000000000000000000000000000
000000000000000000000000000000
000000000000000000000000000000
000000000000000000000000000000
000000000000000000000000000000
000000000000000000000000000000
000000000000000000000000000000
000000000011000000000000000000
000000000000000000000000000000
000000000000000000000000000000
000000000000000000000000000000
000000000000000011111110111100
000000000000000111111111111100
000000000000001111000111110000
000000000000111110000011110000
000000000001111100000011110000
000000000001111000000011100000
000000000000111000000111100000
000000000000111100001111100000
000000000000111100011111100000
000000000000011111111111000000
000000000000001111110111000000
000000000000000000000111000000
000110000000000000000111000000
000110000000000000001111000000
000000000000000000111111100000
000000000000000000111111000000
000000000000000000000000000000
000000000000000000000000000000
000000000000000000000000000001
