000000000000000011000000000000
100000000000000000000000000000
010001100000000000000000000000
111000000000000000000000000000
011100000000000000000000000000
101000000000000000000000000000
110100000000000000000000000000
000000000000000000000000000000
000000001100000000000000000000
011100010000000000000000000000
101100000000000000000000000000
001100000000011111001100000000
100000000011111111111110000000
100000000001110101111111000011
110000000011110001111111000111
000000000011110000011100000011
000000000011100000111100000000
000000000011100010011100000000
000000000011110111011100000000
000000000011110110111100000000
000000000001110101111100000000
000000000011111111111110000000
000000000001111111111100000000
000000000000000001111100000001
000000000000000001111110110111
000000000000000111111111111110
000000000000000011111111010000
000000000011100001111110010000
000000000111100000000001110000
001110001001100100000110101000
