110100000000000001101011011010
001000000000000001110011011010
000000000000000111100011111111
100000000000000101100011100100
000000000000000111110001000010
000000000000000000010000000111
000000000000000000010000101111
000000000000000000011001111111
000000000000000000010001111011
000000000010000011101000011000
000000000000010111111000001000
000000010100101101100110000100
000000000000111111101100001100
000000000000111111111000000000
000000000000110000110000000000
000000001100110001111000000000
000000000001100010110000000000
000000000001100001010000110100
000000000011100000110000111100
000000000011100000110000011000
000000000001110110010001111100
000000000001111100111101111100
000000000001111111111101110000
000000000000111111111000000000
000000000000000010110000000000
000000000000000000110000000000
000000000000000000110000000000
000000000000000000010000000000
000000000000000000000000000000
000000000000000000010000000000
