000000000000000000011100000000
000000000000000000000000000000
000000000011000000000000000000
000000000000000000000000000000
000000000000000000000000000000
000000000000000011111110000000
001100000000000111111111000000
001110000000001111100111100000
011100000000011110000011100000
011101111000011100000011110000
111100111100111100000001110000
110000001100111100000001110000
110000011000111100000001110000
100000000001111000000011110000
000000000001111000000011100000
000000000001111000000111000000
000000000101111100001110000000
100000100110101110000100000000
110001100000000111100000000000
110001100000000011111100000000
011100000011000001111111100000
001100000011000000011111100000
001100000001000000000111111010
000000000000100000001111111111
000000000000100000100100001111
000000000001110001001100000000
000001011011100000001010000000
010001110100111000000000000000
111011100000011100000000000000
110001111000001000000000000000
