100000000000000000000000000000
000000000000000000000000000000
000000000000000000000000000000
000000000000000000000000000000
000000000000000111000110000000
000000000000001111000111100000
000000000000011100000111110000
100000000000111000000001111000
000000000001111000000000111001
000000000001111000000001111000
000000000011110000000001111100
000001100011110000000001111100
000011100011110000000001111100
000000000011110000000001111100
000000000011110000000001111100
000000000111110000000000111100
000000000001110011001100111100
000000000001111111001110111100
000000000011111110000110111000
000000000001111110000111111000
000000000000011110101111110001
000000000000011111011111100001
000000000000001111111111100000
000000000000000000000111100000
000000000000000000000011100000
000000000000000000000011111100
000000000000000000000011111100
000000000000000000000001111000
000001100000000000000000000000
000001000000000110000000000100
