000000000000000000000000000000
000000000000000000000000000000
000000000000000000000000000000
000000000000000000000000000000
000000000000000000010000000000
000000000000000000011000000000
000000000000000000001000000000
000000000000000000000101000000
000000000011100000000111000000
000000000001100011000110110000
000000000000000001000001101000
000000000100000011000000101100
000000001000000110000011101100
000000000000001000000011000001
000000000000000000000000000010
000000000000010000000000000001
000000000000110000000000000001
000000000000100000000000000001
000000000000110000110000000001
000000000111111001100000000001
011100000111110001000000000001
011100000011000000000000000001
000000000000100000000000000001
000000000000110000000000000001
000000000000011000001100000000
000000000000011100001110000011
000000000000010010000110000110
000000000000000110000111111100
000000000000000101100101110100
000010000000000011111101101110
