000000000000000000001010000000
000000000000000000000000000000
000000000000000000000000000000
000000000000000000000000000000
000000000000000000000000000000
000000000000000000000000000000
000000000000000000001100000000
000000000000000000001100000000
000000000000000000011000000000
000111000000001110011000000000
000011010000011111010000000000
000000111000110001100000000000
000000110010110000110000000000
000001110001100000110000000000
000001100000110000000000000010
000011100001101100000000000110
000011000001110100000000001100
000000100001100110011001110000
000000000001100000010111110011
000000000001010000001011011110
000000000001111011111101111101
000000000001010111111111100111
000000000000100110111011001110
000000000000010111110000000100
000000100000001101000000000000
000000010000111101111000000000
000000110001101111011000000000
000001111001010100001000000000
000011110000111100000000000000
000111110001111010010010000000
