000000000000000000000000000100
000000000000000000000000000000
000000000000000000000000000000
000000000000000000000000000000
000000000000000000000000000000
000000000000110000000000000000
000000000001110000000000000000
000000000000110000000000000000
000000000001100000000000000000
000000000001101110000001110000
000000000001011111000001100000
000000000000110001000000000000
000000000000100000100000000000
000000000000000000000000001100
000000000000000000010000001100
000000000000000000100000000000
000000000000000111100000000000
000000000000000111110000110000
000000000000000001111001110000
000000000001111111111000100000
000000000001111100001000000000
000000000000000000000000000000
000001000000000000000000000000
000000000000000000000000000000
000000000000000000000000000000
000000000000000000000000000000
000000000000000000000000000000
000000000000000000000000000000
000000000000000000000000000000
000000000000000000000010000000
