000000000000000000000000000000
000000000000000000000000000000
000000000000000000000000000000
000000000000000000000000000000
000000000000000000000000000000
000000000000000000000000000000
000000000000000000000000000000
000100000000001110011000000000
001010000000001110011110000000
001110000000011000000110000000
000000000000110000000011000000
000000000001111000000011000000
000000000001100000000001000000
000000000001100000000001000000
000000000001100000000011100000
000000000001100000000001100000
000000000001100000000001000000
000000000000100000000111000000
000000000000111000000111000000
000000000000111000000110000000
000000000000111110011100000000
000000000000001111111000000000
000000000000000011000000000000
000000000000000111111011000000
000000000000000110011111000000
000000000000000000000000000000
000000010000000000000000000000
000000000000000000000000000000
000000000000000000000000000000
000000000000000000000000100000
