000000001100101001000000000000
000000000000000000000000000000
000000000000000000000000000000
000000000000000000000000000000
000000000110000000000000000000
000000011000000000000000000000
000000011110000000000010011100
000000011110000111111111010000
000000000000011111111110111000
001110000000111100111111111000
001110000001111000001111100000
000100000001111000001111100000
000000000011110000000011100000
011000000011110000000011100000
011100000111111000000111111001
000000000011110001101111110000
000000000011111111100111100000
000000001111111101000111100000
011110001111111000001111100000
011000000001111111011111000000
000000000000111111111110000000
000000000000011111111000000000
000000000000001111111111100000
000000000000011111111111100000
000000000000111110011111000000
110011110000111110011110000000
110011110000000000000000000000
100000000000000000000000000000
000000000000000000000000000000
010001010000000000000000000000
