000000000000000000000000000000
000000000000000000000000000000
000000000000000000000000000000
000000000000000000000000000000
000000000000000000000000000000
000000000000000000000000000000
000000000000000000000000000000
000000000000000000000000000000
000000000000011000000000000000
000000000000011000010001100000
000000000000000000111111110000
000000000000000011111111111100
000000000000001111000000001100
000000000000011110000000001100
000000000000111000000000001100
000000000000110000000000001100
000000000001110001110000011000
000000000011110001111001111000
000000000001100000111001110000
000000000001100001111111100000
000000000001111011011111000000
100000100000111111111110000001
000000000000011111100111111111
000000000000000000000011111111
100000000000000000000000000110
000000000000000000000000000000
000000000000000000000000000000
000000000000000000000000000000
000000000000000000000000000000
000110011000000000000100001100
