000000000000000000000000010000
000000000000000000000000000000
000000000000000000000000000000
000000000000000000000000000000
000000000000000000000000000000
000000000000000000000000000000
000000000000000011111111110000
000000000000000111111111110000
000100000000001111100111100000
000000000000011111000111110000
000000000000011110001001110000
000000000000111100001100111000
000000000000111000001000111000
000000000000111000000000111000
000000000000111000000000111000
000000000000110000000000111000
000000000000110000000000111000
000000000000110000000000111100
000000000000111000000001110100
000000000000111000010001111000
000000000000111000111111111001
000000000001111111011111100000
000000000000011111011111000000
000000000000001111111111000000
110000000000000111111111100000
110000111110000000010011111001
110001111111000000000111111111
111001111111110000000111111111
000000000000000000000010000000
000000000000000000000100000000
