000000000010000000000000000000
000000000000000000000000000000
000000000000000000000000000000
000000000000000000000000000000
000000000000000001000000000000
000000000000000011101000000000
000000000100000111111111100000
000000000000011111111111110000
000000000000111111111111111000
000000000000111110000111111000
000000000000101110000011111000
000000000001111110000001111100
000000000001111110000011111100
000000000001111100000011111100
000000000001111100000001111000
000000000001111100000001111100
000000100001111100000001111100
000000000001111110000011111000
000000000000111110000011111000
000000000000111111001111110000
000000000000011111111111100000
000000000000001111111111100000
000000000000000011111111111000
000000000000000000111111111100
000000000000000000000011111000
000000000000000000000000000000
000000000000000000000000000000
000000000000000000000000000000
000000000110000000000000000000
000000000110000000000000011000
