000000000110000000000000000000
000000000000000000000000000000
000000000000000000000000000000
000000000000000000000000000000
000000000000000111111111000000
000000000000111111001111100000
000000000000111100000011110000
000000000000111100000001111000
000000000001111000000000111000
000000000001111000000000111100
000000000011110000000000111100
000000000011110000000000111100
000000000011110000000000111100
000000000111111000000000111100
000000000011110000000000111100
000000000001100000001101111100
000000000000000000001100111100
000000000001111011000110111000
000000000001111111000011000000
000000000000111110000000110000
000000000000011100000011110000
000000000000000011001111100000
000000000000000001001111000000
000000000000000000000011100000
000000000000000000000011100011
000000000000000000000011111101
000000000000000000000011111101
000000000000000000000001111110
000000000000000000000000000000
000000000000000000000000000000
