000001000000100000010010000000
000000000000000000010111000000
000000001000000000111110000000
000000000100000111111110100000
000000000000001111111111100000
000000000000001111001101100000
000001100000011110000011100000
000001100000111100000111100000
000001100001111000000111000000
100001100001110000000111000000
000000000001111000000111000000
100000000001110000000110000000
000001000001100000001110000000
000001000001101000011110000000
000000100001100000111100000000
000000000001101001111000000000
000000000001111111110000000000
000000001101111111000000000000
000000011111111111100000000000
000000111011110111110000000000
000000110110010011110000000111
000000001100001101000000000111
000000000100000000000000000000
000001100000000000000000000000
000000000001100000000000000000
000000000000110000000000000000
000000000000110000000000000000
000000000000110000000000000000
000000001100010000000000000000
001010001100001000000000000000
