000000000000000000000000000000
000000000000000000000000000000
000000000000000000000000000000
000000000000000000000000000000
000000000000000000000000000001
000000000000000000000000000011
000000000000000000000000000110
000000000000000011100011000100
000000000000000011100011100000
000000000000000111000000110000
000000000000000100000000110000
000000000000000000000000010000
000000000000011000000000011000
000000000000011100000000111000
000000000000111000000000010000
110000000000111000000000100000
110000000000110000000000100000
000000000000110000000001000000
000000000000011000000011000000
000000000000011100000111000000
000000000000011111001110000000
000000000001000111101000000000
000000000011001011000000000000
000000000000011111111010000000
000000000000011110011100000000
000000000000000110000000000000
000000000000000000000000000000
000000000000000000000000000000
000000000000000000000000000000
000000000000001000000000000000
