000000000000000000000000000011
000000000000000000000000000000
000000000000000000000000000000
000000000000000000000000000000
000000000000000000000000000000
000000000000000000000000000000
100000000000000000000110000000
100000000000000111111111000000
000000000000001111111111100000
000000000000011111111111110000
000000000000011110000011111000
000000000000111100000001111000
000000000000111000000000111000
000000000001111000000000111100
000000000001110000000000011000
000000000001110000000000011100
000000000001110000000000011100
000000000001110000000000111100
000000000001110000011000111100
000000000001110000011100111000
000000000001111000011111111000
000000000000111000011111110000
000000000000111110001111110000
000000000000011111111111110001
000000000000001111111111111110
100000000000000111111101111110
000000000000000001100000111100
000000000000000000000001000000
000000000000000000001000111110
000000000111111111111000011101
