000000000000000000000000000000
000000000000000000000000000000
000000000000000000000000000000
000000000000000000000000000000
000000000000000000000000000000
000000010000000000010000000000
000001101000000000000000000000
000011111100000000000000000000
000000000110000000000011000001
000000001100000000000111100001
000000011100000000001011110011
100000001100000000111011100101
100000001000111111111101000011
010001001101111111111100100001
000011111111111111111111110000
000000001110111101011111110000
000000000000111111110111100000
000000000001111101101111100000
000000000000110000011111011111
000000000001110000111111101011
000000000001110000110111100000
000000000000111011111110000000
000000000001111111111100000000
000100000000111111111000000000
001100000000110000111000000000
000100000000110000011100000001
000000000000110000011110000001
000000000000110000001111000000
000000000000110000000111100000
000000100000110000000011100100
