000000000000000000000000000000
000000000000000000000000000000
000000000000000000000000000000
000000000000000000000000000000
000000000000000000000000000000
000000000000000000000000000000
000000000000000111111111000000
000000000000001111111111100000
000000000000011111111111110000
000000000000011110000111110000
000000000000011110000111110000
000000000000011110000011110000
000000000000011110000011110000
000000000000011100000011100000
000000000000000000000000000000
000000000000011111111100000000
000000000000111111111100000000
000000000000111100111100000000
000000000000111000011100000000
000000000000111000011110000000
000000000001111000011110000000
000000000001111000001111000000
000000000001111000001111000000
000000000001111000000111000001
000000000000110000000011000000
000000000000000000000000000000
000000000000000000000000000000
000000000000000000000000000000
000000000000000000000000000000
000111111111111111111111111111
