011000000000000000000000000000
000000000000000000000000000000
000000000000000000000000000000
000000000000000000000000000000
000000000000000000000000000001
000000000000000000000000000000
000110000000000000000111000001
011111000000000000001111000000
111110000000000001111011010001
001111000000000011011001111010
000111000000000111001100111110
001111000000001110110110111111
011100000000011101111101111111
111100000000011101111001111011
111000000000011011101110110111
110110000000111011001101111111
111111100001111111111011011011
010111111111111011100111111110
001111111101111111111111110110
000111111110111111111110101101
000100011011111111101111011110
000100000111101110111100001100
110111000111101011111000001101
111110000001110111110000001110
111111000000000000000000001110
001011000000000000000000010110
001011000000000000000000001110
111110000000000000000001111111
000111000000000000000111100111
000011011000000000000111011111
