111010001111110100000001000000
111110001101000111000000000000
111100100011100011100000000000
111000000000010111000000000000
111000000000001010000000000000
111000000000011100110000000000
111011001101111111111110000000
000111001111111111111111000000
001111011111111111101111000001
110101111101110110001111100011
101010110011111100001111110001
110111010011110000111111111111
111110001111110000000111101110
111001100101110000011111110111
011011001111110101111111011010
111110001111111111111111110111
000000001101111111111111111101
000000000111111011111111011111
000000000001110010111110111111
000000000001110000001100101110
000000000001111000011111111111
000000000001110000011111001100
000000000011110000101111001000
000000000001110000011111110000
000000000011111000000111110000
000000000001110000000011100000
000000000001100000000001000000
000000000000000000000000000000
000000000000000000000000000000
000000000000010000100000000000
