000000000000000000000000000000
000000000000000000000000000000
000000000000000000000000000000
000000000000000000000000000000
000000000000000000000000000000
000000000000000000000000000000
000000000000011111111110000000
000000000000111111111111000000
000000000000111111111111000000
000000000000111000000111100000
000000000000111000000111100000
000000000000111000001111100000
000000000000111000001111100000
000000000000111100000111100000
110000000000111111111111000000
110000000000111111111110000000
100000000000111111111100000000
000000000000111001111100000000
000000000000111000011100000000
000000000000111000011110000000
000000000000111000001111000000
000000000000111000001111000000
000000000000111000000111100000
011000000000111000000111110000
000000000000111000000011110000
000000000000000000000000000000
000000000000000000000000000000
000000000000000000000000000000
000000000000000000000000000000
000000000000000000000000000000
