110000000000000011011000000010
000000000000000000000000000010
000000000000000000011001001111
001111011111000111111111111110
001111111011000111000101100001
000000000000111011111111000000
000000000001111111111111110000
000000000001111100010111110011
000000000000111000000000111111
000000000001110000000000111110
000000000011101110000001111000
000000000011110110000001111000
000000000001111010011000111000
000000000000111100010111110000
000000000000111100001110000000
000000000000111100011100000000
000000000001111000011110000000
000000010001110000001111000000
000000111100111000000111100000
100000111000111000000011110011
110111010010111000000001111110
101100110111011000000001111111
100100000000111000000000111000
000000000000010000000000011000
000000000000000000000000000000
000000000000000000000000000000
100000000000000000000000000000
100000000000001100000000000000
000000000000000000000000000000
000000000000000000000000000000
