000000000000000000000000000000
000000000000000000000000000000
000000000000000000000000000000
000000000000000000000000000000
000000000000000000000000000000
000000000000000000000000000000
000000000000001111111110000000
000000000000011111111111000000
000000000000001111111111100000
000000000000001100111011100000
000000000000001100000001110000
000000000000011100000001110000
000000000000011100000011100000
000000000000011100000111100000
000000000000011111111111000000
111000000000011111111110000000
111000110000111101111000000000
000000110011111110110000000000
000000000011111111111000000000
000000000000111000011100000000
000000000000111000011100000000
000000000001111000001110000000
000000000001110000000111000000
000000000000110000000111000000
000000000000111000000010000000
000000000000111000000000000000
000000000000000000000000000000
000000000000000000000000000000
000000000000000000000000000000
000000000000000000000000000000
