000000000000000010000000000000
000000000000000000000000000000
000000000000000000000000000000
000000000000000100000000000000
000010000110000110000000000000
000011100100000110000000000000
011011100000001111111111100000
011111111000011111111111110000
100001111011111111111111110000
100000011111111111100011110000
000000000011111110010111111000
000000000000011110001011111000
000000000000011111000111111000
000000000000111101111111110000
000110010000111101111111100001
000110001100111011111111000010
000000000001111111111110011110
000000000000111101111110111111
000000000000111000111100011011
000000000000111000111110011000
000000000000111001101110100000
000000000001111000011111010000
000000000001111100001111100000
000000000011111000001111000000
000000000011110000000111000000
000000000001100000000000000000
000000000000000000000000000000
000000000000000000000000000000
000000000000000000000000000000
000000000000000000000000000000
