000000000000000000000000000000
000000000000000000000000000000
000000000000000000000000000000
000000000000000000000000000000
000000000000000000000000000000
000000000000000000000000000000
000000000000000000000000000000
000000000000000000000000000000
000000000000000000000000000000
000000011000000000000000000000
000000000000000000000000000000
000000000000000000000001111000
000000000000000001111111111000
000000000000000011111101111100
000000000000000000011100011100
000000000000010000111000001110
000000000001111001111100011111
000000000001110000111000001110
000000000001110000111000011100
000000000001110000111000111000
000000000001110000111001110000
000000000000100000111011100000
000000000000000000110001110000
000000000000000000110001110000
000000000000000001110000111000
000000000000000001110000111000
000000000000000001100000111100
000000000000000011100000111110
000000000000001111100000101111
000000000000011111100001000111
