000000000000000000000000000000
000000000000000000000000000000
000000000000000000000000000000
000000000000000000000000000000
000000000000000000000000000000
000000000000000000000000000000
000000000000000000000000000000
000000000000001111111111000000
000000000000011111111111100000
000000000000001111000011110000
000000000000000111000001111000
000000000000000111000001111100
000000000000001111000011111000
000000000000001111001111100000
000000000000001111111111000000
000000000000001111111110000000
000110000000001110011111000000
001110000000011100001111000000
000110000000011100000111100000
000000000000011100000111100000
000000000001111110000011110000
000000000001111110000001110000
000000000000000000000000000000
000000000000000000000000000000
000000000000000000000000000000
000000000000000000000000000000
000000000000000000000000000000
000000000000000000000000000000
110000000000000000000000000000
110000000000000000000000001000
