000000000000000000000000000000
000000000000000000000000000000
000000000000000000000000000000
000000000000000000000000000000
000000000000000000000000000000
000000000000000000000000000000
000000000000000000000000000000
000000000001111111111100000000
000001100011111111111110000000
000000000000111000111110000000
000000000001111111001111000000
000000000000111111000111000000
000000000000111000011111000000
000000000000001000111110000000
000000000000110111111100000000
000000000000111111100000000000
000000000000111000011100000000
110000000000111000011110000000
100000000000111000001111000000
000000000000111000000111000000
000000000001111110000011100000
000000000001111110000001100000
000000000000000000000000000000
000000000000000000000000000000
000000000000000000000000000000
000000000000000000000000000000
000000000000000000000000000000
000000000000000000000000000000
000000000000000000000000000000
000110000000000000000000000000
