000000000000000000000000000000
000000000000000000000000000000
000000000000000000000000000000
000000000000000000000000000000
000000000000000000000000000000
000000000000000000000000000000
000000000000011111111110000000
000000000000111111111111100000
000110000000111111111111110000
001111000000111100000011111000
001110000000111100000011111000
000101000000111000000001111000
000011000000111100000000111100
000011100000111100000001111000
000001000000111111111110110000
000000000000011111111111000000
000000000000111111111110000000
110000000000111100111111000000
111001100000011100001111100000
110001000000111100000111110000
000000000011111110000011110000
000000100000111100000011110000
000000000001011100000001111000
000000000001111000000000111000
000000000000110000000000000000
000000000000000000000000000000
000000000000000000000000000000
000000000000000000000000000000
000000000000000000000000000000
000000000000000000000001000000
