000000000000000000000000000100
000000000000000000000000000000
000000000000000000000000000000
000000000000000000000000000000
000000000000000000000000000000
000000000000000000000000000000
000000000001111111100000000000
000000000001111111111110000000
000000000001111111111110000000
000000000001111111111110000000
000000000001111110111110000000
000000000001111110111110000000
000000000001111111111111000000
000000000001111111111110000000
000000000001111111111110000000
000000000001111111111100000000
000000011001111111111110000000
000000011001111111111110000000
000000000001111110111110000000
000000000001111110111110000000
000000000001111111111110000000
000000000001111110101111000000
000000000001111111111110000000
000000000011111110111110000000
000000000001111110111110000000
000000000001111110111110000000
000000000000111100011110000000
000000000000000000000000000000
000000000000000000000000000000
000000000000000000000000000000
