000000000000001000000100000000
000000000000000000011100000000
000000000000000110011100000000
000000000000110110000100000000
000000000000111100001100000000
000000000000111100001100000000
000000000000111000001100000000
000000000000111000000000000000
100000000000111000110000000000
000000000000110000100000000000
000000000000111111000000000000
000000000011101110000000000000
000000000010111000000000000000
000000000001101100000000000000
000000011101111110000000000000
000000111111010111000000000000
000000110011100011100000000000
000000000011000001100000000000
000000000000000000000000000000
000000000000000000000000000000
000000000000000000000000000000
000000000000000000000000000000
000000000000000000000000000000
100000000000000000000011000000
000000000000000000000100000000
000000000000000000001000001100
000000000000000000011000001100
000000000000000000011000001100
000000000000000000011000001100
000000000000000000011010011100
