110000000000000000000000000000
000000000000000000000000000000
000000000110000000000000000000
000000000000000000000000000000
011100000000000000000000000000
100000000000000000000000000000
000000000000010000111000000000
000000000000110000011100000000
000000000000110000001100000000
000000000000110000001100000000
000000000000111000001111100000
000000000000110000000111000000
000000000000110000001100000000
000000000000010000011000000000
000000000000111000110000000000
000000000000110000111000000000
000000000000110000110000000000
000000000000100000111000000000
000001100000110000001100000000
000011111000111000001100000000
000000011100110000000100000000
000000001110110000000110000000
000100001100110000000000000000
000100001000000000000000000011
001000000000000000000000000011
011000000000001000000000000000
111000110000010000000000000000
000000100000000000000000000000
000001100000000000000000000000
001001010000001000000000000000
