010000000000000000000000000000
000000000000000000000000000000
000000000000000000000000000000
000000000000000000000000000000
000000000000000011000000000000
111000000110000000000000000000
111000000000000000000000000000
010011000000000000000000001000
000010000000001100000000100100
001111000000001100000001000010
011110000000000000000000000011
011000000000000000000000000000
000000000000000000000000000000
000000000000000011110000000000
000000010000000011011000001110
000011111111000000010100010111
000011111111110000011111111111
110011100001110000001111001111
110000000010000000000000000000
000000000100000000000000000000
000000000111101000000000000000
000000001111011000000000000000
011110000011000000000000000000
111110000000000000000000000000
100000000000000000000000000000
000000000000000001100000000000
000000000000000000000000000000
000000000000000000000000000000
000000000000000000000000000000
000000000000000000000000000000
