000000000000000011000000000000
000000000000000000000000000000
000000000000000000000000000000
000000000000000000000000000000
000000000000000000000000000001
000000000000000000000000000001
000000000000000000000000000000
000000000000000000000000000000
000110000000000000000000000000
000000000000000000000000000000
000000000000000000000000000000
000000000000000000000000000000
000000000000000000000000000000
000000000000011100000000000000
000000000011111100000000000000
000000000011100000000000000000
000000000001000000000000000000
000000000000000000000000000000
000000000000000000000000000000
000000000000000000000000000000
000000000001000010000000000000
011000001111100000000000000000
011000011101000000000000000000
000000110010000000000000000000
000000100001000000000000000000
010000000000001000000000000000
100000000000000100000000000000
000000000000001100000110000000
000000000000001110000110000000
000010000000001010000100000000
