100000000100110000000000000000
000000001110010001111000000000
000000000100000001110000000000
000000000000000000000000000000
000000000000000000000000000000
000000011000000000000000000000
000000011000000000000000000000
000000011000000000000000000000
000000011000000000000011100000
001110011000100000000001100111
001110011001011001110000000110
001101011000111011111100000110
001111100000111111111110000011
011010000000111111101110000000
011000000001111001011110110000
000000000000011100000000110000
000000000000111000000000000000
000000000000111000000000000000
000000000000110000000000000000
000000000001110000000000000000
000000000001110000001100000000
000000000001110000000000000000
000000000001110000000000000000
000000000000100000000000000000
011000000000000000000001100000
111000000000000000000011100000
010000000000000000000001000000
000000000000000000000000000000
000000000000000000000000000000
000001000000000000000000000000
