000000000000000000000000000000
000000000000000000000000000000
000000000000000000000000000001
000000000000000000000000000000
000000000000000000000000000000
000000000000000000000000000000
000000000000000000000000000000
000000000000000000000000000000
000000000000000000000000000000
000000000000000000000000000000
000000000000001111000000000000
000000000000001111111111110000
000000000000001111111111111000
000000000000000011011110111111
000000000000000010010000111110
000000000000000110111000000000
000000000000000111110000000000
000000000000000011100000000000
000000011000000111000000000000
000000000000000111000000000000
000000000000111111111100000000
000000000000111111111100000000
000000000000000000000000000000
000000000000000000000000000000
000000000000000000000000000000
000000000110000000000000000000
000000000100000000000000000000
000000000000000000000000000000
000000000000000000000000000000
000000000000000000000000000000
