000100000000000000000000000000
000000000000000000000000000000
000000000000000000000000000000
000000000000000000000000000000
000000000000000000000000000000
000000000000000000000000000000
000000000000000000000000000000
000000000000000000000000000000
000000000011110000000000000000
000000010011110000000000000000
000011100000001000000000000000
011111100000001000000000000000
011100000000010000000000000000
000000000000111011100000000000
000000000000111111100000000000
000000000000111100000000000000
000000000000111000000000000000
000000000001111100000000000000
000000000000111000000000000000
000000000000111000000000000000
000000000000111000000000000000
000000000000111000000000000000
000000000000111000000000000000
000000000000111000000000000000
000000000000111000000000000000
000000000000000000000000000000
000000000000000000000000000000
000000000000000000000000000000
000000000000000000000000000000
000000000000000000000000000000
