000000000000000000000000000000
000000000000000000000000000000
000000000000000000000000000000
000000000000000000000000000000
000000000000000000000000000000
000000000000000000000000000000
000001000000000000000000000000
000001000000000000000000000000
000010000000000000000000000000
111100000000000000000000000000
101100000000000000000000000000
000100000000000000000000000000
000000000000000000000000000000
000000000000000000000000000000
110000000000000000000000000000
110000000000000000000000000000
100000000000000000110000000000
100110000000011001110000000000
000100000000111001100000000000
000000000000110001000000000000
000000000001100000000000000000
000000000011100000000000000000
000000000011000000000000000000
000000000110000000000000000000
100000000100000000000000000000
000000000000000000000000000000
000000000000000000000000000000
000000000000110000000000000000
000000000000110001000000000000
000000101000010000000010110000
