110011000000000000001100110000
011100000000000000000001111000
101100000000000000000010011100
111000000000000000000111111100
111100000000000000001111111100
111110000000000000000110111100
110111000000000000000011111100
111010110000000000000101111100
111111111110000000011111111001
011111110110000001111111001001
111011100000000001101110111111
111111111110000011111111011001
111011101110011001011111011111
100111111111111111101111111011
110110011111111111011110111110
011000101111110101010011111111
011100111011001111111111011101
111111111101011111111111111010
111111111111011111110111111111
011111111111111011111111111111
111111011111111111111111111111
111111111111111111111111111101
111111111111111111111111111111
111100111011111111111111000111
000000000111011100101111111111
000000000111011110111111110111
000000000011110111101111001110
000001000000100001000111111111
000011001001000001000111011110
000010111111111011110111010111
