111111100100011111011100000000
111110000011101110011000000000
101011000001111111110000000000
111111000000111101111000000000
011101000011110111110100000000
111111000101110111001100000000
101111101001111011111100000000
011100111111110111011100000000
010110111110111111100100000011
111111111111100110111101100111
010111111010110111111111101111
111110001111111011111110111111
111000010111101111110111010111
101011011111111110110001101111
001111001011111111100101011101
111101000111111111101110001110
100010001011111010000100000000
001110011111111111100000000001
111111111011111101100000000000
111111110101111100000000000000
101101011011111000000000000000
011101011111100000000000000000
111111111111111000000000000000
110111111011011100000000000000
111111111111101100000000001111
111110111101110000000000001111
101111111111110000000000111111
111110101011110000000000111111
011111010111110000000000000111
011100001111110110000001001111
