000000000000000000000000000011
000000000000000000000000000000
000000000000000000000000000000
000000000001110011000000000000
000000000010110011000000000000
000000001111000000000001000000
000000001101110110000001110000
000000000001111110000000110000
000000000001111100000000000000
000000000001111000000000000000
000000000001111000000000000000
000000000001110000000000000000
000000000001110000000000000000
000000000001110000000000000000
000000000001110000000000000000
000000000000110000000000000000
000000000001110000000000011000
000000000001110000000000011000
000000000000100000000000000000
000000000000000000000000000000
000000000000000000000000000000
000000000000000000000000000000
000000000000000000000000001100
000000000000000000000000001100
000000000000000000000000000000
000000000000000000000000000000
000000000000000000000000000000
000000000000000000000000000000
000000000000000000001100000001
010000000000000000001101111111
