000011110010000000000101010001
000001111011000000000100010000
000001111110000000000010111111
000011110100000000000111111011
010011110000000000000101010111
011011100000000000000011010111
011011110000000000000011111101
010011110100000000000011111111
111110111000110011111111100101
111111111001111111011111110110
111011111110111000000101111111
111111001111111101100111001101
011110011110111111111111111111
111111111111111111101111111111
100011111100111111011011011111
100011111100011100000000001111
111111111100111100000000000001
111011001000111010100000000011
000010010001011111100000000011
000110100011111011000000000011
001111000001111110000000000001
011011000011111110000000000000
010011100101100100000000000001
110001100001100000000000000001
111011000011100000000000000000
110110000001110000100000000000
110000000000110011110000000000
111000000000110011110000000000
111000000000000000000000000000
110100000000101001100000000000
