000000000000000000010000001111
000000000000000000000000000110
000000000000000000000000000000
000000000000000000000000000001
000000000000000000000000000001
000000000000000000000000110000
000000000000000000001001110000
000000000000000000011101111100
100000000001000000011100111100
110000000001100110101000011011
100000001001111011110010001011
000000001111111111110011011001
000000011111111111111111001111
100110111010111111111111000111
000111010000111111111110111111
000011000001111111111110110010
000011010000111111101111101000
100111110000111111011101111110
100011110000111111101111111101
001100110000111111001100111101
101000110000111110001100110011
000001000000111111001100111110
000011100000111111100111111011
001101100000111111000010010110
001110000000111110000000010110
000000000000111111000000101111
000000000001111111000000111111
000000000101100011000000100100
000000000000000010000001011000
000000000000001000011010111101
