111111110111011010010010011100
111000000111111111111111011100
000000000010101111101011111111
000011000111011001111001100110
000000000101111111110111111011
000000111111010101111111111011
000001110101100000010111111111
000000111000100000000000111110
000000000000000000000000000000
000000000000001000000000000000
000000000000000000000000000000
000000000000010001000000000000
000000000000111111100000000000
000000000100111111110000000000
000000001100111111100000000000
000000001100111000000000000000
000000000000111000000001000000
000000000101110110000011100000
000000000111110111010111100000
000000000011111101111001000010
000000000001110111010000000111
000000000011110100110000001110
000000000011111011100010001000
000000000001110001100000000000
111100000011111011000000000000
111110000001011011000000000000
101000000001100000000000000000
100000000001100000000000000000
000000000000000000000000000000
000010000110000100000000000000
