000000000000000000000000100000
000000000000000000000000000000
000000000000000000000000000000
000000000000000000000000000001
000000000000000000000000000000
000000000000000000000000000000
000000000000000000000000000000
000000000000000000000000000000
000000000110000000000000000000
000100000111100000000000000001
000110011111110111000100000000
000111111101011111001110000000
000111100010111100000011000000
111110111111111000000011000000
111111001110110000001111000000
110110000000110000011111000000
000000000001111011001111000000
000100000000110011111100000000
001011000000110000011110000000
000111000001110000001111110000
100011000001110000001101111111
000000000001110000000110000111
000000000000110000000000000011
000000000000100000000000000000
000000000000000000000000000000
100000000000000000000000000000
010000000000000000000000000000
100000000000000000000000000000
000000000000000000000000000000
100100000000000001010000000000
