000000000000000000000000000000
000000000000000000000000000000
000000000000000000000000000000
000000000000000000000000000000
000000000000000000000000000000
000000000000000000000000000000
000000000000000000000000000000
000000000000000000000000000000
000000000000000000001100000000
000000000000000001011100000000
000000000000000011101000000000
000000000000000101110000000000
000000000011101111110000000000
000000000011111100000000000000
000000000001111100000000000000
000000000001111000000000000000
000000000001110000000000000000
000000000000111000000100000000
000000000000111100001100000000
000000000000110100001100000000
000000000000001000010010000000
000000000000000000001110000000
000000000000000000011100000000
000000000000000000000000000000
000010000000000000000000000010
000111000000010000000000000111
001010000000011000000000001111
010110000000010000000000000110
011110000000000000000000000110
011001001000101000000000111101
