000000000000000000000000000000
000000000000000000000000000000
000000000000000000000000000000
000000000000000000000000000000
000000000000000000000000000000
000000000000000000000000000000
000000000000010000000000000000
000000000000111000000000000000
000000000000111110000000000000
000000000000111111000000000000
000000000000110111000000000000
000000000001100111000000000000
000000000011101110000000000000
000000000011001100000000000000
000000000111011100000000000000
000000000110011000100000000000
000000000110011001100000000000
000000000100000000000000000000
000000000000000000000000000000
000000000000000000000000000000
000000000000000000000000000000
000000000000000000000000000000
000000000000000000000000000000
000000000000000000000000000000
000000000000000000000000000000
000000000000000000000000000000
000000000000000000000000000000
000000000000000000000000000000
000000000000000000000000000000
000000000011110000000000000000
