000000000000000000000000000000
000000000000000000000000000000
000000000000000000000000000000
000000000000000000000000000000
000000000000000000000000000000
000000000000000000000000000001
000000000000000000000000000000
000000000000000000000000000000
000000000000000000000000000000
000000000000000000000010000000
000000000000000000100110000011
000000000000011111100000000000
000000000000011110000000000000
000000000000011100000000000000
000000000000011000000000000000
000000000000011000000000000000
000000000000110000000000000000
000000000000110000000000000000
000000000000110000000000000000
000000000000110000001100000000
000000000000110000001000000000
000000000001100000010000000000
000000000001100000010000000000
000000000000000000110000000000
000000000000000000100000000000
000000000000000001000000000000
000000000000000000000000000000
000000000000000000000000001000
000000000000000100000000000000
000000000000000110001100000000
