000000000000000000000000000000
000000000000000000000000000000
000000000000000000000000000000
000000000000000000000000000000
000000000000000000000000000000
000000000000000001111111100000
000000000000000011111111100000
000000000000000111111111111000
000000000000001111000011111100
000000000000001111000011111100
000001001110101111100001111000
000011111111011111100000000000
011111110000001111111000000000
111000000000000111111110000000
000000000000000000111111100000
000000000000000000111111110000
000000000000000000001111110000
000000000000000000000011111000
000000000000011000000011111000
000000000000111100000011110000
000000000000111110000111110000
110000000000111111111111100000
110000000000011111111111000000
000000000000000111111110000000
000000000000000000000000000000
000000000000000000000000000000
000000000000000000000000000000
000000000000000000000000000000
000000000000000000000000000000
000000000000000000000000000000
