000000000000000000000000000000
000000000000000000000000000000
000000000000000000000000000000
000000000000000000000000000000
000000000000000000000000000000
000000000000000000000000000000
000000000000011111111000000000
000000000000111111111100000000
000000000001111111111100000000
000000000011111111111100000000
000000000011111111111111101000
000000000011111101111111110000
000000000001111101111110000000
000000000001111110000000000000
000000000001111111111000000000
000000000001111111111000000000
000000000000111111111100000000
000000000000001111111110000000
000000000000000001111110000000
000000000011111001111110000000
000000000011111101111110000000
000000000001111101111110000000
000000000001111101111110000000
000000000001111101111110000000
000000000001111111111110000000
000000000000111111111100000000
000000000000011111111000000000
000000000000000000000000000000
000000000000000000000000000000
000000000000100000000000000000
