000000000000000000000000000000
000000000000000000000000000000
000000000000000001000000000000
000000000000000000000000000000
000000000000000000000000000000
000000000000000000000000000000
000000000000000000000000000000
000001100000000000000000000000
000000110000000000000000000001
000000000000000000000011000001
000000000000000000000011000000
000000000000000000000011000000
000000000000000000000010000000
000000000000000000000100000000
000000000000000000000000000000
000000000000000000000000000000
000000000000000000000110000000
000000000000000000000110000000
000000000010000000000100000000
000000000111000000001100000000
000000000010000000001100000000
000000000000000000000000000000
000000000000000000000000000000
000000000000000000000000000000
000000000001100000000000000000
011000000000000000000000000000
000000000000000000000110000000
000000000000000000000000000000
000000000000000000000000000000
000000000000000000000000000000
