001100001101011101011010100000
000000010100100100000000010000
000000111101011100000000011000
000100010011111100000000000111
000100000001110100000001100011
110010100011101111001011111110
111011110011111111111110001111
101111110111101111111111111111
111100110111111111111111110000
100011111111001111011111010000
111111100100111101111111100000
011101111111111110001111000110
101111001111111111001110000110
111111111011111111110100001100
111110111111111111111000111000
110000001110001111111111110101
000011111011000011111110111111
000110111110000001111110111000
000110011010001110111111100001
000111011101111111111111000000
101111111111111101111111000000
001101111101111100111110000000
100110110101111111111110000001
111100000000011111111100000001
011000000000001111111000000000
000000000000000111110000001000
000000000000000011100000011000
000000000000000000000000011000
000000000000000000000000011100
000000000000000000000100001100
