000000000000000000000000000000
000000000000000000000000000000
000000000000000000000000000000
000000000000000000000000000000
000000000000000000000000000000
000000000000000000000000000000
000000000000000000000000000000
000000000000000001111111110000
000000000000000011111111111000
000000000000000111100111111000
000000000000000111000001110000
000000000000001110000000100000
000000000000001111111000000000
000000000000000111111110000000
000000000001100011111111000000
000000000001100001111111100000
000000001000000011100011100000
000000000000011110000011100000
000000000000111110000011100000
000000000000111100001111100000
000000000000111111111111000000
000000000000011111111100000000
000000000000000000001000000000
000000000000000000000000000000
000000000000000000000000010000
000000000000000000000000110110
000000000000000000000000000110
000000000000000000000000000000
000000000000000000000000000000
000000000000000000000000000000
