000000000000000101111010100000
000000000000000000011100000000
000000000000000000001000000111
000000000000000011000000000111
000000000001100110000000000111
000000000010110111111110000000
000000000001011111111110000000
000000001010111111111110000000
000011111110111111111111000000
100011010111111111111111000000
000111101111111110011001000000
110111111111111000000000000000
111111000111111110000000000000
111111100001111110000000000000
110111110000111111100000000000
001111100001111111110001000000
001100010000111111111000110001
111111111111111111111100111111
011111101101111101111110101110
111110110110111100111110111101
001011110111100011111100111001
000011110001011101111100111011
001111100000101111111100010111
001001100001111111111100111111
000000000001011111110100111111
000000000111111111111110111110
010000000110111110011111111111
011111000000011110001111110011
011111000000111110011100011011
011100001000110111010010111011
