000000000000000000000000000000
000000000000000000000000000000
001100000000000000000000000000
011110000000000000000000000000
011100000000000000000000000000
000000000000000000000000000000
000000000000000111111000000000
000000000000001111111110000000
000000000000001111001111000000
000000000000011100000111100000
000000000000011100000011100000
000000010000011100000011000000
000000110000011100000000000000
000000110000001111000000000000
000000110000001111111100000000
000011110000011111111000000000
000011100000001000111100000000
000000000000000100101110110001
000000000001100000011111111101
000000000001110000001110111111
000000000001111000000110001111
000000000000111000011110000110
000000000000111100111111000000
000000000000011111111100000000
000000000000001111110000000000
000001000000000000000000000000
000000000000000000000000000000
000000000000000000000000110000
000000000000000000000000110000
101100000000000000000000110000
