000000100000000001000000000000
000000000000000000000000000000
000000000000000000000000000000
000000000000000000000000000000
011000000000000000000000000000
111111110000000000000000000000
100001110000000000000000000000
000000100000000000000000000000
000000000000000000000000000000
000000000000000000000000000000
000000000000011000000000000000
000000000000000000000000000000
000000000000000000001100000000
000000000000000000001110000000
000000000000001100000110000000
000000000000001100000010000000
000000000000001100000000000000
000000000000001110000000000000
000000000000011110000100000000
000000000000001101010110000000
000000000000000011111100000000
000000000000000001111000000000
000000100000000000111000000000
000000000000000000011000000000
000000000000000000111000000000
000000000000000000011000000000
000000000000001000001100011000
000000000000111000000100110000
000000000000110000001000000000
000000000000111000011000000000
