000000000000001000000000000000
000000000000000000000000000000
000000000000000000000000000000
000110000000000000000000000000
000000000000000000000000000000
000000000000000000000000000000
000000000000000000000000000000
000000000010000000000000000000
000000000100000000000000000111
000000000000000000000001101111
000001110000000000001011111000
000011110000000001110000100000
001101100000110001100000000000
000101000101110000000000000000
000011000000000000000000000000
000000000000000000000000000000
100000000000000000000000110000
100000000000000000000000100000
100000000001000000000000000000
000000000010000000000000000000
000000010110000000000000000000
000000111111000000000000000000
000000010000000000000000000000
000000000000000000000000000000
000000000000000000000000000000
000000000000000000000000000000
000000110000000000000000000000
010000110000000000000000000000
000000010000000000000000000000
000000110000100000001000000000
