000000000000000000000000000000
000000000000000000000000000000
000000000000000000000000000000
000000000000000000000000000000
000000000000000000000000000000
000000000000000000000000000000
000000000000000000000000000000
000000000000000000000000000000
000000000000001100000000000000
011000000000011100000010000000
011000000000111000000111000000
110000000000110000000010000000
000000000000110000000000000000
000000000000011100000000000000
000000000000001110000000000000
000000000000000111000000000000
000000000000000010001110000000
000000000000000110000111000000
000000000000000010000011100000
000000000000000000000001100000
000000000000110000000001100000
000000000000111000000011100000
000000000000011111000111000001
000000000000001111111110000000
000000000000000111111100000000
000000000000000000000000000000
000000000000000000000000000000
001000000000000000000000000000
000000000000000000000000000000
000000000000000000000000000000
