000000000000000000000000000000
000000000000000000000000000000
000000000000000000000000000000
000000000000000000000000000000
000000000000000000000000000000
000000000000000011111100000000
000000000000001111111110000000
000000000000001100000111000000
000000000000111000000011100000
000000000001111000000001100000
000000000000111100000001100000
000000000000111000000000000000
000000000000011111000000000000
000000000000001111111100000000
000000000000000111111111000000
000000000000000000011111100000
000000000000000000000011110000
000000000000110000000001110000
000000000001111000000001110000
000000000000110000000001110000
000000000000111011000001110000
000000000000011111000111100000
000000000000001111111111000000
000000000000000111111100000000
000000000000000110000000000000
000000000000000011000000000000
000000000000000011000000000000
000000000000000000000000000000
000011000000000000000000000000
000011000000000000000000000000
