110000000001011000000000000000
000000000001100000000000000000
000000000001100000000000000000
000000000001111000000000000000
100000000000111000000000000000
100000000000111000000000000000
100000000000110000000000000000
100000000000000000000000000000
110000000000000000000000000000
110000000000000000000000000000
110000000000000000000000000000
110000000000000001100000000000
100000000000000011111000000000
000000000000011111111100000000
000000000000011111111100000000
000000000000111111111100000000
000000001000111011011100000000
000110001101111110011100000000
000110000110111111111000000000
000011111100111111111100000000
000011011111011011111101000000
000110011101111000011111000000
000111101100110001111111000000
000011101101111111111110000000
000100111011111111111111000011
000001100011111111110011000011
000000100011111111111111100011
000001000000110110111111110000
000000100000110000111110110000
000011100000100000101101110001
