000000000000000000000000000000
000000000000000000000000000000
000000000000000000000000000000
000000000000000000000000000000
000000000000000000000000000000
000000000000011000000000000000
010000000000011000000000000000
011000000000011000000000000000
011000000000000000000000000000
011000000000000000000000000011
011000000000000000000000000111
110000000001111111111100000000
111000000011111111111100000000
110000000001111000111100000000
000000000001111000011100000000
100000000001111000000000000000
110000000000111111100000000000
000000000000011111111000000000
000000000000000111111111000000
000000000001111111111100000000
100011111011110000011110000000
110011011001110000000100000000
100000110000100010111100000000
100000000000001111111000000011
000000000000001111110000000000
000000000000000000000000000000
000000000000000000000000000000
000000000000000000000000000000
000000000000000000000000000000
000000000000100000000000000000
