000100101100000000000000000100
000000011100000000000000000100
000000101100000000000000000010
000000000000000000000000000000
000000000000000000000000000000
000000001100000000000000010000
000000000000000000000000011000
000000000000000000000000000000
000000000000000000000000000000
100000000000000000000000000000
110000000011000000000000000000
100000000011100000000000000000
000000000001110000000000000000
000000000000110000000000000000
000000000000100000000000000000
000000000000000000000000000000
000000000000000000000000000000
000000000010000010000100000000
000000000000010111101000000000
000000000000111111010000000000
000000000000011100110000000000
000000000000010100111000000000
000000000000000000111000000000
000100000000000000010000000000
001110000000000100000000000000
000100000000001100000000000000
000000000000000100000000000000
000000000000001110000000000000
000000000000001110000000000000
000000000001101100000000000000
