000000000000110000000000000000
000000000000000000000000000000
000000000000000000000000000000
000000000000000000000000000000
000000000000000000000000000000
000000000000000000000000000000
000000000000000000000000000000
000000000000000000000000000000
000000000000000000000000000000
000000000000000000000000000000
000000000000000000000000000000
000000000000000000000000000000
000000000000000000000000000000
000000000000000000011000000000
000000000000000000011000000000
000000001100000000000000000000
000000001100000000000000000000
000000001100000000000000000000
000000000000001111100000000000
000000000000011111100000000111
000000111111111111100000000000
000000111111111000000000000000
000000000000011110000000000000
000001000000011110000000000000
000000000000001111000000000000
000000000000000111000000000000
000000000000000011000000000000
000000000000000011000000000000
000000000000110111000000000000
000001000001111110000000000000
