000000000000000000000000000000
000000000000000000000000000000
000000000000000000000000000000
000000000000000000000000000000
000000000000000000000000000000
000000000000000010000000000000
000000000000000000000000000000
000000000000000000000000000000
000000000000000000000000000000
000000000000000000000001100000
000100000000000111110000000000
000000000000001111111111000001
000000000000111111001110000001
000000000000111111011110100011
000000000000011110001011111111
000000000000001111000001110000
000000000000000111111000000000
000000111100000111111000000010
000000011000000011011100000011
000000000000100000011100000000
000000000001110000011100000000
000000000001111000111100000000
000000000000111111111000000000
000000000000011111110000000000
000000000000000000000000000000
000000000000000000000000000000
000000000000000000000000000000
000000000000000000011000000000
000000000000000000011000000000
000000000000000100010000000000
