000000000000000000000000000000
000000000000000000000000000000
000000000000000000000000000000
000000000001100000000000000000
000000000000000000000000000000
000000000000000000000000000000
000000000000000000000000000000
000000000000000000000000000000
000110000000000000000000000000
000110000000001100000000000000
000001000000111111100000000000
000000000001111111100000000000
000000000001100000000000000000
000000000001100000000000000000
000010000001110000000000000000
001100000001111110000000000000
011000000000111111000000000000
000000000000000111100000000000
000110000000000011100000000000
000110000000000000110000000000
001000000000000001110000000000
000000000001111111111000000000
000000000001111111000000000000
000000000000000000000000000000
000000000000000110000000000000
001100000000000110000000000000
001100000000000110000000000000
000000000000000000000000000000
000000000000000000000000000000
001010000000000000011000011111
