000000000000000000000000000000
000000000000000000000000000000
000000000000000000000000000000
000000000000000000000000000000
000000000000000000000000000000
000000000000000000000000000000
000000000000000000000000000000
000000000000000000000000000000
000000000000000000000000000000
000000000000000000000000000000
000000000000000000000000000000
000000000000000000000000000000
000000000000000000000000000000
000000000000011111100000000000
000000000000111011100000000000
000000000000110011000000000000
000000000001110000000000000000
000000000001111000000000000000
000000000000111100000000000000
000000000000011111000000000000
000000000000000111100000000000
000000000000000011100000000000
000000000000100001100000000000
000000000001110001100000000000
000000000000100011100000000000
000100000000100011000000000000
000000000000010000000000000000
000000000000100000000000000000
000000000000000000000000000000
000000000000000000000000000000
