000000000000000000000000000000
000000000000000000000000000000
000000000000000000000000000000
000000000000000000000000000000
000000000000000000000000000000
000000000000000000000000000000
000000000000000000000000000000
110001000000000000000000000000
110000000000000000000000001100
000000000000110011111111100100
000000000000110011111101111111
000000000000000000011110000011
000000000000001111110100000001
000000000000111111111001000000
000000000001111111111001100000
000000000001110000110001100000
000000000011110000000011100000
000000000001111111100011000000
000001110000111111110000000000
000000000000000011111000000000
000000000000000000011100000000
000000000000111000111100000000
000000000001111111111100000000
000000000000111111111000000000
000000000000011111100000000000
000000000000000000000000000000
000000000000000000000000000000
000000000000000000000000000000
000000000000000000000000000000
000000000000010000000000000000
