000000000000000000000000000000
000000000000000000000000000000
000000000000000000000000000000
000000000000000000000000000000
000000000000000000000000000000
000000000000000000000000000000
000000000000000000011000000000
000000000000000000011000000000
000000000000000000000000000000
000000000000000000000000000000
000000000000000000000000000011
000000000000000000000000000001
000000000000001111000000000000
000000111110001110000000000000
000000101110001111000000000000
000000000001111111000000000000
000000000001111111111000000000
000000000001111111111100000000
000000000001111111111100000000
000000000000001111000000000000
000000000000010110000000000000
000000000000011111000000000000
000000000000001111000000000000
000000000000001111000000000000
000000000000000111000000000000
000000000000000111000000000000
000000000000001111000000000000
000000000000001111000000000000
000000000000000111000000000000
000000000000000110000000000000
