010001000001000100100001110111
000000000000000000000000000000
000000000000000000011000000000
000000000010000000011111111011
100011111111111110111111111111
100011111111111101000011110011
000110000000111111111111101000
001010000000111110111111111001
001111000000111110000111110001
101110001100111100000111110001
101001100111111110001111100001
110001111111111111101100001111
101000001011111111101100001111
011000001111111111111011101010
111101111011111111000011111110
111111110000111101000000011100
000000101111111110111111000000
000000111011111111111111000000
000000100000111111101000000000
100000000000111110000000000000
000001000000111100000000000000
000000000100111101100000000000
000000000000111111110000000000
100000000000111111110000000000
000000000000011111110000000011
000000000000000111100000000011
110000000000000000000000000110
110000000000000000000000000001
110000000000000000000000000011
110000000010000000000000000100
