000000000001111111110011001001
000000000000011101011111101011
000000000000001000000001011111
000000000000000000000000111100
000000000000000000000001100000
000000000000000000000010000000
000000000000011000001100000111
000000000000011000001100000010
100000000000111000000000000000
000000000000111000000000000000
000000000001111110000000000000
000000000001111110000000000000
100000000000111000000011000000
000000000000111000000011000000
000000000000111000000000000000
000000000000111000000000000000
000000000000011000000000000100
000001000000011000000101101011
000001100000111000000011110001
000000000000111000000001100000
000000000000111000000001011000
000000000000011100000001111000
000000000000011111000001010000
000000000000011111000000000000
111000110011111000000000001100
111100111001110000000000011100
001010000000000000000000010100
000110000000000000000000001100
000100110000100000000000011000
000101101100110000000000110111
