000000000101100000100100000011
000001000000000000000000000000
000011000000000000110000000000
000110000000000000110000000000
011110000001100000110000000000
111000000011100000000000000000
000000000001100000000000000000
000000000000000010000000000110
000000000000000111000000001110
000000001000000111000000000000
010010111000001111000000000000
110001011000010111000000000000
100010101000011111100000000000
110011011000100001110000000000
110011110001111111111100000000
110000000000111111111000000000
010000000000000111000000000000
001000000000000111000000000000
000100000000000111000000000000
001101100000000111000000000000
000011100000000111000000000000
000011000000000111000000000100
110010000000000111000000011110
110100000000000111000000011000
111111000000001111000000000000
000011101110110111000000000000
000000000111110101000000000000
000000000011111110100000000000
000000000000010111100000000000
011000000001101101000111000000
