000000000000010000000000000000
000000000000000000000000000000
000000000000000000000000000000
000000000000000000000000000000
000000000000000000000000000000
000000000000000000000000000000
000000000000000000000000000000
000000000000011000000000000000
000000000000111000000000000000
000000000000111000000000000001
000001100001111110000000000000
100000000000111110000000000000
110000000000000000000000000000
110000000000010000000000000000
110000000000111000000000000000
110000000000111000000000000000
110000000000111000001100000000
110000000000111000000100000000
110000000000111000000000011000
110000000000011000000000011000
110000000000011000000000000000
110000000000011100000000000000
110000000000111111000000000000
000000000000011111000000000000
000000000000000000000000000000
000000000000000000000000000000
000000000000000000000000000000
000000000000000011000000000000
000000000000000011000000000000
000000000000000011000000000000
