000000000000000000000000000000
000000000000000000000000000000
000000000000000000000000000000
000000000000000000000000000000
000000000000000000000000000000
000000000000000000000000000000
000000000000000000000000000000
000001000000000000000000000000
000000000000000000000000000000
000000000000000000000000000110
000000000000000000000000000110
000000000000000000000000000110
000000000000000000000000000000
000000000000000010000000000000
000000000000000111000000000000
000000000000000110000000000000
000000000000000110000000000000
000000000000000111000000000000
000000000000011111111000000000
000000000000011111111100000000
000000000000000111111010000011
000000000011111111111111000011
000111110011011111101111000000
000111100000000110011000000000
000000000000000111000000000000
000000000000000111000000000000
000000000000000111000000000000
000000000000000111000000000000
000000000000000110000000000000
000000000000000110000000000000
