000000000100010000010000000000
000000000000000000100000000000
000000000000000000000000000000
000000000000000000000000000000
000000000000110000010000000000
000000000111100110111000000000
000000111111111111011000000000
100011110111111111000000000000
101111001000001111000000000000
111101000011101111100010101100
010000100011111111100011111100
100000000001111111110010111100
000000000000111110100001100111
000000000001111100000000011111
011000000000111100000000000011
000000000000111100000000000000
000001100001101110011001000000
000000000001111110111011100000
000000000000111100111011100000
100000000001111000010001100000
100000001011111100000001100000
110100011101111000000000000000
011111110101111100000110000000
111111111101111100001010000000
111000111111111111111100011010
100000010111100011011110111111
000100000001100110001100100101
000100000000100000000100001100
000100000000000000000010001110
000110000000101010110100001101
