000000000000000000000000000000
000000000000000000000000000000
000000000000000000000000000000
000000000000000000000000001100
000000000000000000000000001100
000000000000000000000000000000
000000000000000000000000000000
000000000000000000000000000000
001100000000000000000000000000
111100000000000001000000000000
111100000000000001000000000000
000000000000000011100000000000
000000000000000011000000000000
000000000000000011000000000000
000000000000000011000000000000
000000000000000010000000000000
000000000000000110000000000000
000000000000100110000000000000
000000000000100110000000000000
000000000000000110000000000000
000000000000000110000000000000
000000000000000110000000000000
000000000000000000000000000000
000000000000000000000000000011
000000000000000000000000000011
000000000000000000000000000011
000000000000000000000000000000
000000000000000000000000000000
000000000000000000000000000000
000000000000000000000000000000
