000000000000000000000000000000
000000000000000000000000000000
000000000000100000000000000000
000000000001110000000000000000
000000000001110000000000000000
000000000001111000000000000000
000000000011111100000000000000
000000000011111100000000000000
000000000011111100000000000000
000000000011111000000000000000
000000000001110000000000000000
000000000001110000000001100000
100000000001110000000000000000
100000000001110000000000000000
100000000001110000000000000000
110000000001110000000000000000
100000000011111000000000000000
111000010011111100000000000000
011000010000111100000000000000
000000110000100000000000000000
000000000001100000000000000000
000000000000111000000000000000
000000000000000110000000000000
000000000000000000000000000000
000000000000000000000000000000
000000000000000000000011000000
000000000000000000000001000000
000000000000000000000000000000
000000000000000000000000000000
000000000000000000000000000000
