110010100000010000000000000000
100000000000000000000000000000
000000000000000000000000000000
001100000001000000000000000000
000000000011000000000000000001
000000000011000000000000000000
001000000001000000000000000000
111000000111000000000000000000
011100000111110001100000000000
101000000000110001100000000000
100000000000111000000000000000
000000000000111100000000000000
000110000001111000000000000000
000111100001100100000000000000
000011111101111000000000000000
000000000011111000000000000000
000000000001111000000000000000
000000000000111111000000000000
000000000000110011000000000000
000000000000110001100000000000
000000000000110001001110000000
000000000000100011001110000000
000000000000111110000000000000
000000000000111100000000000000
000000000000011000000000000001
000000000000000000000000000001
000000000000000000000000000000
000000000000000000000000000000
000000000000000000000000011000
000000000000000000000000011000
