000000111000000000000000000111
000000110000000000000000000010
000011100000000000000000000101
110111100000000000000000000000
011100000000000000000000000000
010100000000011100000000000110
100111000000111110000000000110
100011000001111110000000000000
100000000001111110000000000000
100000000001111100000000000000
100000000000111100000000000000
000000000000111100000000000000
000000000001111100000000000000
100000000001111110000000000000
000000000001111111111000000000
000000000001111111111000000000
000000000001111111111100000000
000000000001111011111000000000
100000000001111001100000000000
000000000001111110001110000000
000000000001111100001100000000
110000000001111000000000000000
000000000001111000001000000000
000000000001111110011100000000
000000000001111111111000000000
000000000000111111111000000000
000000000000001111110000000000
000000000000000000000000000000
000000000000000000000000000000
000000000000000000000100000000
