000000000000001000000000000000
000000000000000000000000000000
000000000000000000000000000000
000000000000000000000000000000
000000000000000000000000000000
000000000000000000000000000000
000000000000000000110000000000
000000000000000000110000000000
000000000000111110000000000000
000000000001111110000000000000
000000000001111110000000000000
000000000011111111000000000000
000000000011111111000000011100
000000001111111111000010000000
000000001111111111111101000000
000000000001111111111110000000
000000000001111111000000000000
000000000011111111000000000000
000011110011111111000000000000
000011001111111110000000000000
000001101011111110000000000000
000010000111111100000000000000
101100000011111100000000000000
100000000011111110000000000000
000000000001111111000000000000
000000000001111111000000000000
000000000000111110000000000000
000000000000000000000000000000
000000000000000000000000000000
000000000000000110000000000000
