001100101010001011000011101010
001110000000000001100001110000
000110000000100001100001100010
000000110001100001100000100001
001000110011010111000001110010
110110001011111000100001110000
110000011111100000110001100000
100000011111111001111011000000
000000001001111111110010000000
111010000000100101110000000000
111111000000001011110010000000
001010000000011111111111100000
000000000000011111111111110000
100000010100000111111110000000
100001111100001111111100000000
110111111000110111110111000000
100110110011011111110011000000
000111110011100111111000000000
100110111110000111011100000000
101111110110001111101111110000
111111111100110111111111110000
111111000100100111111111111000
100111111011100010010100110000
000001111111100111100000110000
000000111111100001100011111000
000001110111110001000001110000
000000110111111101110001100000
000000001111111111110011100000
000000000011101111110111100000
000000001011101111111011001100
