000000000000000000000000000000
000000000000000000000000000000
000000000000000000000000000000
000000000000000000000000000000
000000000000000000000000000000
000000000000000000000000000000
000000000000000000000000000000
000000000000000000000000000000
000000000000011000000000000000
000000000001101100000000000000
000000010001111111000000000000
000000011111111111000000000000
000000011111111111000000000000
000000001011111111000010000000
000000000001111100000111111110
000000000001111100000011100000
111100000001111100000000000000
111100010001111100000000000000
111100111001111110000000000000
110000111111111110000000000000
101000000001111111111001100000
011100000001111101111101100000
110000000010000110111011111110
000000000111111100000001101111
000000000111111110000000000000
000000000111111111000000000000
000000000000111111000000000000
000000000010000001000000000000
000000001110000000000000000000
000100010101000000100010000000
