000000000000000100000000000000
000000000000000000000000000000
000000000000000000000000000000
000000000000000000000000000000
000000000000000000000000000000
000000000000000010000000000010
000000000000000001000000000010
100000000000000010000000000000
100000000000111000000000000000
000000000001111000000000000000
000001000001111000000000000000
000010000000110000000000000000
001111000001111100000000000000
001100000011111100000000000000
000000000001111000000000000000
000000000000111000000000000000
000000000000111000000000000000
000000000000111000000000000000
000000000000111000000000000000
000000000000111000000000000000
000000000000111000000000000000
000000000001111000000000000000
000000000000111100000000000000
000000000000111110000000000000
000000000000011100000000000000
000001100000000000000000000000
000001000000000000000000000000
000000000000000000000000000000
000000000000000000000000000000
000000000000000000000000000000
