000000000000010000000001000000
000000000000000000000000000000
000000000000000000000000000000
000000000000000000000000000000
000000000000000000000000000000
000000000000000001000000000000
000000000000000011000000001000
000000000000000111111111111100
000000000000001111111111111100
000000000000011110011100111110
000000000000011100111100111100
000000000000011100111111111000
000000000000011100111110111000
000000000000011111111000111000
000000000000011110111000000000
000000000111000001111000000000
000000111111000001111100000000
000000110000000001111100000000
000000000000000001110000000000
000000000000000001110010000000
000000000000011111111110000000
000000000000001111111110000000
010000000000000000000000000000
000000000000000000000000000000
000000000000000000000000000000
000000000000000000000110000000
000000000000000000000000000000
000000000000000000000000000000
000000000000000000000000000000
000000000000000000010000000000
