100000000000000001000000000000
000000000000000000100000000000
000000000000011111111110000000
000000000000011111111111000000
000000000000011111110000000000
000000000000000011100000000000
100000110000000111100000000000
000000010000000111000000000000
000000000000001110000000000000
000000000000111110000000010000
000000000000011110000000000011
000000000000011110010000000000
000000100000111100000000000000
000000000110111000000000001000
000110000101110000000000000000
000110011111110000000000000000
000000011111100000000000000000
000000000111110000000000000000
000000000101100001111000000000
000000001101000000100000000000
000110000111100000000010000000
111110000001010000000000000000
111110000011110000000000000000
100000000111111110001100000000
000000000011101111001110001100
000000000010111111000100111000
011100000001011000000000010000
011110001111100000000000000010
111110001010100000000000000111
010001010110100000000100000101
