000000000000000000000000000000
000000000000000000000000000000
000000000000000000000000000000
000000000000000000000000000000
000000000000000000000000000000
000000000000111111111110110000
000000000000111111111111110000
000000000000000011000000100000
000001100000000011000000000000
000001110000000011000000000000
000000110000000011000000000000
000000000000000011000000000000
000000000000000011000000000000
000000000000000011000000000000
000000000000000011000000000000
000000000000000011000000000000
000000000000000011000000000000
000000000000000111000000000000
000000000000000011000000000000
000001100000000011000000000000
000001100000000011000000000000
000001100000000011000000000000
000000000000000011000000000000
000000000000000000000000000000
000000000000000000000000000000
000000000000000000000000000000
000000000000000000000000000000
000000000000000000000000000000
000000000000000000000000000000
000000001000000000001000000000
