000000000000000000000000000000
000000000000000000000000000000
000000000000000000000000000000
000000000000000000000000000000
000000000000000000000000000000
000000000000000000000000000000
000000000001111111111110000000
000000000011111111111111000000
000000000001111111111110000001
000000000000100111000000000001
000000000001100111000000000000
000000000001100111000000000000
000000000001100111000000000000
000000000000000111000000000000
000000000000000111000000000000
000000000000000111000000000000
000000000000000111000000000000
000000000000000111000000000000
000000000000000111000000000000
000000000000000111000000000000
000000000000000011000000000000
000000000000000111000000000000
000000000000000111000000000000
000000000000000111000000000000
000000000000000010000000000000
000000000000000000000000000000
000000000000000000000000000000
000000000000000000000000000000
000000000000000000000000000000
000000000100000000000000000000
