011010001110000000000000000000
011100001000000000000000000000
101100000000100000000000000000
010000000000100000000000011000
110000000000100000000000010000
011000001000010000000000000000
110000000000110000000000000000
000000000000110000000000000000
000000000011111111111100000000
000000000001101111111101000100
000000000001101111000000001100
000000000101001111000000011010
000000000010001111000000001100
000000000001001111100000011100
000000000000001111100000000000
000000000000001111000000000000
000000000000001111100000000000
101000000000001111110000000000
110100000000011111110000000000
100000000000001111100000000000
110000000000001111000000000000
100000000000001111100000000000
110000000000001111100000000000
000000000000001111100000000000
000000000000000111100000000000
000000000000000110000000000000
000000000000000000000000000000
000000000000000000000000000000
000000000000000110001100000000
000000000000000110001100000000
