000000000000000000000000000000
000000000000000000000000000000
000000000000000000000000000000
000000000000000000000000000000
000000000000000000000000000000
000000000000000000000000000000
000000000001111111111000000000
000000000001111111111000000000
000000000000000111000000000000
000000000000000110000000000000
000000000000000010010000000000
000000000000000001000000000000
000000000000000010000000000000
000000000000000110000000000000
000000000000000110000000000000
000000000000000110000000000000
000000000000000110000000000000
000000000000000110000000000001
100000000000000110000000000011
000000000000000111000000000000
000000000000000111110000000000
000000000000000011110000000000
000000000000000000000000000000
000000000000000000000000000000
000000000000000000000000000000
000000000000000000000000000000
000000000000000000000000000000
000000000000000000000000000000
000000000000000000000000000000
000000000000100000000000000000
