000000000000000000000000000000
000000000000000000000000000000
001000000000000000000000000000
110000000000000000000000000000
000000000000000000000000000000
000000000000000000000000000000
000000000000000000000000000000
000000000000111111111111000000
000000000001111111111111100000
000000000001110011100011100000
000000000001110011100011100000
000000000001110001100011000000
000000000000100011100000000000
000000000000000011100000000000
000000000000000011100000000000
000000000000000011100000000000
000000000000000011100000000000
000000000000000011100000000000
000000000000000011100000000000
000000000000000011100000000000
000000000000001111111100000000
000000000000001111111100000000
000000000000000000000000000000
000000000000000000000000000000
000000000000000000000000000000
000000000000000000000000000000
000000000000000000000000000000
000000000000000000000000000000
000000000000000000000000000000
000000000000001000000010000000
