000000000000000100000000000000
000000000000000000000000000000
000000000000000000000000000000
000000000000000000000000000000
000000000000000000000000000000
000110000000000000000000000000
000111000000000000000000000000
000110001111110000000000000000
000000010011111111111111111100
000000000011111111111111111100
000000000011111111111111111100
000000000000000011111000000000
000000000000000011111000000000
000000000000000011111000000000
000000000000000011111000000000
000000000000000111111000000000
000000000000000001111000000000
000000000000000001111000000000
000000000000000001111000000000
000000000000000001111000000000
000000000000000001111000000000
000000000000000001111000000000
000000000000000001111000000000
000100000000000001111000000000
001100000000000001111000000000
001100000000000001111000000000
000000000000000001111000000000
000000000000000001111000000000
000000000000000001111000000000
000000000000000000110000001000
