000000001000000000000000000000
000000000000000000000000000000
000000000000000000000000000000
000000000000000000000000000000
000000000000000000000000000000
000000000000000000000000000000
000000000000000000000000000000
000000000000000000000000000000
000000000000000000000000000000
000000000011111111111110000000
000000000011111111111111000000
000000000000000011101011000000
000000000000000011100110000000
000011000000000011110100000000
000000000000000011101000000000
000000000100011011100000000000
000000000000000011100000000000
000000000000000011100000000000
000000000000000011100000000000
000000000000000011100000000000
000000000000000011100000000000
000000000000000011100000000000
000000000000000011100000000000
000000000000000011100000000000
000000000000000011100000000000
000000000000000011100000000000
000000000000000011100000000000
000000000000000000000000000000
000000000000000000000000000000
000000000000000000000000000000
