000000000000010000101001000000
000000000000111111100001000000
000000000001101111101111100111
001100000000001111011111101011
111100000000001110101101101111
111100000110001111100110111101
000000000111111111111100011111
000000000011111111111100011111
000000000000000111000000000000
000000000000000111000000000000
000000000000000111000000000000
000000000000000111000000000000
000000000000000111000000000000
000000000000000111000000000000
000000000000000111000000000000
000000000000000111000000000000
000000000000001111100001111101
000000000000000111100001111111
000000000000000110000001110011
000000000000000011001111111011
000000000000000111001111111011
000000000000000111011111110101
000000000000001111111111111111
000000000000001111001000111110
000000000000000111000000000010
000000001000001100000000000110
000010011100001000000000000110
000010011001111000111100101110
000000011011110000011101111111
000000001011111000110000110000
