000000000000000000000000000000
000000000000000000000000000000
000000000000001111111110000000
000000000000011111111110000000
000000100000001111100000000000
000000000000000011100000000000
000000000000000011100000000000
000000000000000111000000000000
000000000000000110000000000000
000000000000001110000000000000
000000000000011100000000000000
000000000000011100000000000000
000000000000111000000000000001
000000000000111000000000000011
000000000001110000000000010011
000000000001100000000000000001
000000000001100000000000000000
000000000000000000000000000000
000000000000000000000000000000
000000000000000000000000000000
000000000000000000000000011000
000000000000000000000000000000
100000000000000000000000000000
000000000000000000000000000000
000000000000000000000000000000
000000000000000000000000000000
000000000000000000000000000000
000000000000000001100000000000
000000000000000001100000000000
000000000000000001100000000000
