001100000000000000000111000000
000000000000000000000000000000
000000000000000000000000000000
000000000000000000000000000000
000000000000000000000000000000
000000000000000000000000000000
000000000000000000000000000000
000000000000000000000000000000
000000000000000000000000000000
000000000000000000000000000000
000000000000000000000000000000
000000000000000000000000000000
000000000000000000000000000001
000000000000000000000000000001
000000000000000000000000000000
000000000000000000000000000000
000000000000000000000000000100
000000001000000000010000000110
000000000000000000000000011000
000000000000000000000000110000
000000000000011000000000110000
000000000000011000000000110000
000000000000000000000001100000
000000000000000000000000000100
000000000000000000000000000000
000000000000000000000000000000
000000000000000000000000000000
000000000000000000000000000000
000000000000000000000000000000
000000000000100000000000000000
