000000000011111111100000000000
000000000011111111100000000000
000000000011111111100010000000
000000000011011100011100000000
000000000001011100011000000000
000000000000111100000000000000
000000000000011100000000000000
000000000000011100000000100000
000000000000011100000011100000
000000000000011100000011000000
000000000000011100000010000000
000000000000011100000000000000
000000000000011100000000000000
000000000000011100000000000000
000000000000011100000000000000
000000000000011100000000000000
000000000000011100000000000000
000000000000011100000000000000
000000000000011100000000000000
000000000000000000000000000000
000000000000000000000000000000
000000000000000000000000000000
000000000000000000000000000000
000000000000000000000000000000
000000000000000000000000000000
000000000000000000000000000000
000000000000000000000000000000
000000000000000000000000000000
000000000000000000000000000000
000000000000000000000000000000
