000000000101101000000000000000
000000000000000000000000000000
000000001000000000000000000000
110110001100000000000000000000
111111011100000000000110000000
010110111110010000000000000000
001111100001111000000000000000
000101000000111111111111000000
000010000000100001111111000000
000000000000110001010111100000
110000000000110000100011001111
111000000000000001000000000111
111000000000000001100010000010
110000000000000001100010000000
000000000000000001100000000000
000000000000000001100000000000
000001100000000001100000000000
000001100000000001100000000001
000000000000000001000000000110
000000000000000000000000000111
000000000000000001000000000001
000000000000000011100001100011
000000000000000001000011100000
000000000100000000000001000000
000000001100000011000000000000
000000011100000010000000000000
000000001100000000000000000000
000000011000000000000000000000
000000110000000000000000000000
000000010000000000000000110000
