101100011100001110000000000000
011011101010010100000000110000
111011010111101010000001111000
100111011010101110000001110000
101110111101011111000000000000
011111011111101101111111110001
101111011111111110111111100001
011001110001111110101000000000
000111100000000111101100000000
001101010001110111011100000011
111110110011111111100111001101
111111100000110101111111110111
011110000000001111010111111111
101101000001110111111011111111
110110110011110001111110110101
000011110001110011011111111000
000000000000000001111101010000
000000000000000001111000010000
000000000000000001011000111100
000000000000000001111101111111
000000000000000001111101110101
000000000000000001111111110001
000000000000000001111011101010
000000000000000000000001110101
000000000000000000000000001111
000000000000000000000000001110
000000000000000000000000001101
000000000000000000000000001110
000000000000000000000000001111
000000000000000000000000001110
