000000000000000000000000000000
000000000000000000000000000000
000000000000000000000000000000
000000000000000000000000000000
000000000000000000000000000000
000000000000000000000000000000
000000000000000000000000000000
000000000000000000000000000000
000000000000000000000000000000
000000000111100001000001000000
000000000111100010100001100000
000000000011000011100001100000
000000000000000011100000100000
000000000000000011100000000000
000000000000000011100000000000
000000000000000011100000000000
000000000000000111110000000000
000000000000000011100010000000
000000000000000011100000000000
000000000000000011110000000001
000000000000000011110000000000
000000000100011111100000000000
000000001100011011100000000000
000000000000000011100000000000
000000000000000011100000000000
000000000000000111111000000000
000000000000000111001100000000
000000010000001111111100000000
000000111000010000010000000000
000000010001010000010100000000
