000000000000000000000000000000
000000000000000000000000000000
000000000000000000000000000000
000000000000000000000000000000
000000000000000000000000000000
000000000000000000000000000000
000000000000000000000000000000
000000000000001100000011000000
000000000000011100000111100000
000000000000111100000111100000
000000011000111100000111100000
000000011000001100000001100000
000000011000001100000001100000
000000010000111100000111100000
000000000001111100000111100000
000000000001111100000111100000
000000000000111100000111100000
000000000000111100000111100000
000000000000111100000111100000
000000000000111100000111100000
000000000000111100000111100000
000000000000111100000111100000
000000000000111100000111100000
000000000000111100000110000000
000000000000011111111111000000
000000000000001111111110000000
000000000000000111111100000000
000000000000000000000000000000
000000000000000000000000000000
000000000000000000000000001100
