000000000000000000000000000000
000000000000000000000000000000
000000000000000000000000000000
000000000000000000000000000000
000000000000000000000000000000
000000000000010001000000000000
000000000000111110111110000000
000000000001111110111111000000
000000000001111111111111100000
100000000011111110111111000000
000000000011111110111110000000
000000000001111110111110000000
000000000001111110111110000000
000000000001111110111111000000
000000000001111111111111100000
000000000011111111111111000000
000000000001111110111110000000
000000000001111110111111000000
000000000001111110111111000000
000000000001111110111111000000
000000000001111110111111000000
000000000001111110111111000000
000000000001111111111110000000
000000000001111111111110000000
000000000001111111111110000000
000000000000111111111100000000
000000000000011111111000000000
000000000000000000000000000000
000000000000000000000000000000
000000000000000001111100000000
