000000000000000000000000000000
000000000000000000000000000000
000000000000000000000000000000
000000000000000000000000000000
000000000000000000000000011000
000000000000000000000001111000
000100000000000000000001110000
000000000000000000000000000000
000000000000000000000000000000
000000000000000000000000000000
000000000000000000000000100000
000000000000111000000001110000
000000000000111000000001110000
000000000000111000000001110000
000000000000111100100011110000
000000000000111000000011110000
000000000000111000001111100000
000000000000111000001111110000
000000000000111000111101100000
000000000000111011111001110000
000000000000111111100001111000
000000000000111111000000111010
000000000000011100000000111111
000000000000000000000000111111
000000000000000000000000011111
000000000011111100001110000000
000000000011111110011110000000
000000000000000000000000000000
000000000000000000000000000000
000000110000000000000000000000
