000011001100111000010011010000
000000001111111100000011000000
100000001111111100000011000000
100000000011101100000111000000
110000000001001100000111000000
100000000011001100001110000000
000000000011111100011110000000
000000000000011100001110000110
100000000000011100011100000011
000010000000111100111100000011
000111000001111000011100000010
000010000001111001111100000000
000000000001111111111100000000
000010000000111111011000000000
100010000000111111111000000000
000000000001111111011000000000
000000000001111111111000000000
000000000010111100011000000000
000000000001110000000000000000
000000000010110000000000000000
000000000000010000000000000000
000000000000110000000000000000
000000000000100000000000000000
000000000000000000010000000000
000000000000000000111000000000
000000000000000100111000000000
000000000000000111011000000000
000000000000000111000000000000
000000000000000010000000000000
000000000000001100000100000000
