000000000000100000000000011010
000000000000100000000000111000
000000000011111001011011010000
000000000001111100111110010101
000000001100100000011101111111
000000000100000000011011101100
000000000000000000000001100001
000000000000000000000000000000
100000000000000000000000000000
010000110000000000000000000000
100000110001000000000000000000
001000100001100000000000000000
000000000001110000000100000000
000000100001110000001110000000
000000000001110000001110000000
000000000001110000011100000000
000100000001111000111110000000
001110000001110101111110000000
000110000001111011111110000000
000100000001111111111111100000
000000000001111111011101110000
000000000001111111011111110000
100000000000111111101111100000
000000000000010001001000000000
000000000000000000000100000000
000000000100000000000011111000
000000000010000000000011011100
000000000000000000000010111110
000000000000000000000000110000
000000000110010100000010110010
