010000000101000000000000000111
011000000000000000000000000111
101001100000001100000000000111
111101100000011100000000000110
011111100000110110000000000010
000010010011011111110000000000
000001110011111011010000000000
000000100010001111100000000000
000000010001001101110000100000
000000001100001110011111100000
000000000100001100001111111110
000000000000000000011111011111
000000000100110000001110000000
000000001100110001001111000000
000000001110001000000011000000
000000000100011100000000000000
000000000000011000000000000000
000000000000000000000010000000
000000000000000000000010000000
000000000000000000001110000000
000000000000000000001100000000
000000000000011011000000000000
000000000000011111100000000000
000000000000001111100000000000
000000000000000011100000000000
000000000000000000000000000000
000000000000000000000000000000
000000000000000000000000000000
000000000000000000000000000000
000000000000000000000000000000
