000000000001110000110000000000
000000000001110001110000000000
000000000001110001110000000000
000000000001110001110000000000
000000000001110010110000000000
000000000001110011110000000000
000000000001110011110000000000
000000000001110000100000000000
000000000000111000110000000000
000000000011101101110000000000
000000001111110001110000000000
000000011100100001110000000000
000000011001100001110000000000
000000000111110001110000000100
000000000110110001110000000011
000000000001111011110000000011
000000000000111111100000000000
000001000000101001100000000000
000011000000010000011000000000
000000000000000000110000000000
000000000000000000101000000000
000000000000000000111100000000
010000000000000000000110000000
100000000000000000000110000000
000000000000000000000000011100
000000000000000000000000011100
000000000000000000000000001010
000000000000000000000000000110
000000000000000000000000000101
000000000000000000000000000111
