000000001000000000000000000000
000000000000000000000000000000
000000000000000000000000000000
000000000000000000000000000000
000000000000000000000000000000
000000000000000000000100100000
000000000000000000000110111000
000110000000001100000101111110
000100000000011100001111111100
000000000000111110000001110010
000000110001110100000011110000
010001100000101000001111100000
000000000000011000010101100000
000000000000011000000001100000
000000000000011000000011100000
000000000000011000000011100000
000100000000011000000011100000
000000000000110000000011100000
000000000000111000000011000000
000000000000110000000111000000
000000011001111000000111000000
000000111000111000001110000000
000000010000011100111110000000
000000000000001111111100000000
000000000000000111010000000000
000000000000000001110000000000
000000000000000001100000000000
000000000000000000000000000000
000000000000000000000000000000
000000000010000000000000000100
