000000000000000011100010000000
000000000000000011000000000000
000000000000000110001100000000
000000000000000000000000000000
000000000000000000000000000000
000000000000100000000011000000
000000000001110000001111000000
000000000001110000011111000000
000000000001110001110111000000
000000000001111001100111000011
000000000001110111111111000001
000000000001111011110111100100
000000000001110010101111111111
000000000001110001000111011110
000000000001111000000111110001
000000000001110001000111000001
000001100001110000000111100011
011011100001110000100111000011
011011000001111001101111000101
011110000001111010101111101000
001110110000111111000111111001
110110110000111010001110011000
011010100000111110111110000000
111100000110011111111100000000
000000100110001111111000000000
000000000100000001100010000000
000000010011000100000111000000
000000110001000100000111000000
110001110011001000000011000000
001010100001001111100010000000
