000000000000000100000100000000
000000000000000000000000000000
000000000000000000000000000000
000000000000000011110000000000
000001110000000011110000000000
011000100000000000000000000000
000000000000000000000000000000
000000110000000000000100000000
000001100000000000000110001110
000001100000111100010000011100
000001110001111100100000111100
000000110001111000000000111100
000000000001111000000000111100
000000000101111000000000111100
000000001111111000000001111100
000000000111111000000001111100
000000000011111000000000111100
000001101101111000000000111111
001000001101111000000001111100
001101000011111000000000111100
000110100011111000000001111100
000000000111111000000001111000
000000000111111110000111111000
000000000011111110101111111100
000000000001111111000011111100
000000000001111110000101111000
000000000000111111001111111000
000000000000111111111111110000
000000000000011111111111000000
000000000000000111111100000000
