111111000000011110111111010100
110111110000110111101111001000
001111110000111111111110010100
001111110001100001101011111111
000111111001110001111111111010
100110111001111100101101111011
110000100001111110001011111011
000001110001111111101111111011
000001100001111111111111111111
000000000001111111111111111111
011000000001111111111111111110
011100000001111111111011111111
100100000001111111110111111111
000110000001111110101111111110
000111000001111110011011111000
101110000001111110000011111110
000111000001111110001111111111
101111000011111110001111111111
010101000001111111000111110111
111110000100111111111111110110
111001000100111111111111110111
000100000100111111111111110101
000000000000111111111111111011
000000000000011101101100110000
100001000000000000010110000000
100111100000000000000110000000
000011110000000000100010000000
100111110000000001010011000000
000000110000000001111011000000
010011100000000001010001000000
