000000000000000000000000000000
000000000000000000000000000000
000000000000000000000000000000
000000000000000000000000000000
000000000000000000000000000000
000000000000010000000000110000
000000000000111000000001110000
000000000000111000000001110000
000000000000111000000000111000
000000000000111000000000111000
000010000000111000000000111000
011100000000111000000000111000
011100000000110000000000111000
000000000000110000000000111000
000000000000110000000000111000
000000000000111000000000111000
000001111101111000000001110000
000001101111111111111111111000
000001111011111111111011111000
000000000000011000000001110000
000000000000011000000000110000
000000000110001110000011100000
000000000110000111111111100000
000000000000000111111101010000
000000000000000000000000100000
000000000000000000000000000000
000000000000000000000000000000
000000000000000000110000000000
000000000000000001111000000000
000000000000000000110000000000
