000000001101100000000010100000
000000000000010000000100000000
000000000000011111110000000000
000000000000001111100000000000
000000000000000110010000001000
000000001110000111000000011111
000111000000001111000000001111
111111000000001111000000001110
110000000000001110000000001110
100000000000001110000000001111
000000000000001110000000011111
000000000000001110000000011110
000000000000011100000000011110
000000000000011100000000011110
000000000000011100000011011100
000000000000011100000011011101
000000000000011100000110111110
000000000000011100001110111011
000000000011111000001100111011
000000000011111000000001111000
000000000110111100000011110000
000000000110111111101111111000
000000000011011111111111111001
000000000011000011111110011111
000000000011000000000000110111
000000000000000000000000011001
000000000000000000000000000000
000000000000000000000000000001
000000000000000000000000000000
000000000000000000000000000100
