100000000000000010011101000001
000000000000000000001100000000
011100000000000000001000000000
011100000000000000011000000000
111100000000000000001000000000
011100000000000010000000000000
110100000000011001000101000000
111110111001111111101111111000
101101011001111111111111111111
011111111111111111101111111110
111001111111111111100111110000
001101011011111111011111111100
111011111111111111111111111100
111110011111111111110111111000
111110011111111111011111100000
011100000101111111001111110000
000010001011111111111111110000
100111000111111111001111111011
110010000110111111001111110011
100000001101111111001111110000
000000001110111111000111101000
011000001111111111000111111000
000000011110111111001111111000
000000011000111111101111110000
000000000000111111111111100000
011000000000011111111111100000
101000000000011111111111110000
110000000000001011110110100000
100000000000000110011111000000
010000000000011101101111000000
