000000000000000000000000000000
000000000000000000000000000000
000000000000000000000000000000
000000000000000000000000000000
000000000000000000000000000000
000000000000000000000000000000
000000000000000000000011000000
000000000000000000000011100000
000000000000010000000011110000
000000000000111000000011011000
100000000000111000000111111000
000000000001111100000111111000
000000000001111000000011111000
000000000001111000000001111000
000000000001111000000001111000
000000000001110000000000111000
000000000001110000000000111000
000000000001110000000000111000
000000000000111000000000111100
011000000000111000000000111100
010100000000111100000000111001
001100000000111100000000111001
000000000000101100000001111000
000000000000111110000001110010
001110111001111111111111111111
011101011001011111111111110010
000000111100000111111111010010
000000111000000011111111111111
000000010001010111111110001101
110001011111111110000010100011
