000000000000000000000000000000
000000000000000000000000000000
000000000000000000000000000000
000000000000000000000000000000
000000000000000000000000000000
000000000000000000000000000000
000000000000001100000000000000
000000000000001100000000110000
000000000000011100000000110000
000000000000011100000001110000
000000000000011100001101110000
000000000000011100000001100000
000000000000011000000001100000
100000000000111100000001100000
100000000000011000000001100000
000000000000011000000001100000
000000001111111000000011100000
000000011111111000000111111100
000000011000110000000011111100
001000000000110000000111000000
000000000000010000000110000000
000000000000011000001110000000
000000000000011100111110000000
000000000000011111111100000000
000000000000001111110000000000
000000000000000000000000000000
000000000000000000000000000000
000000000000000000000000000000
000000000000000000000000000000
000000000011000000000000000000
