000000000000000000001000000000
000000000000000000000001110000
100000000000000000000011111000
110000000000000000000001001000
101000000000000000000001110000
011000000000000100000001110000
011000000000001110000001110000
000000000000001110101111110000
000000000011001111010001110000
011101111111111100000001110000
011111110100111110000001110000
111001101000011101000001111000
110111111100011111000011111000
011011111010011111000111110000
100000011111111100101011100000
000000010001111111111111110000
100000011001111011100011010000
101111110111111011000011100000
011110111111111110000111100000
000100010000111111011111000000
001000000000110101111111010000
000000001000111100101110111111
001000011000111100111111111111
000000000000011111111100000000
100000000000001111111000000000
000000000000000000000000001000
000000000000000000000001011100
000000000000000000000000001100
100000000000000000000000001000
111000000000100000000000111100
