000000000000000000000000000000
000000000000000000000000000000
000000000000000000000000000000
000000000000000000000000000000
000000000000000000000000000000
000000000000000000000000000000
000000000000000000001100000000
000000000000000000000000000000
000000000000000000000000000000
000000000000000000000000000000
000000001000000000000000000000
000000000000000000000000000000
000000000000000000000000000000
000000000000000000001100000000
000000000000000000001100000000
001000000000000000000000000000
010100110000000000000000000000
000000110000000000000000000001
000000000000000000000110000001
000000000000000000001110000000
000000000000000000001100000000
000000000000000000000000000000
000000000000000000000000000000
000000000000000000000000000000
000000000000000000000000000000
000000000000000000000000000000
000000000000000000000000000000
000000000000000000000000000000
000000000000000000000000000000
000000000000000000000000000000
