000000000000000000000000000000
000000000000000000000000000000
000000000000000000000000000000
000000000000000000000000000000
000000000000000000000000000000
000000000000000000000000000000
000100000000011000000011000000
001100000000111000000011000000
000000000000110000000011000000
000000000000110000000011000000
000000001000110000000011000000
110000000001100000100011000000
000000000001110000100011000000
000000000000100000000011000000
000000000001100000000011000000
000000000011100000000011000000
000000000001100000000011000000
000110000001100000000111000000
000110000011100000000111000000
000000000001100000001111000000
000001000001100000011111000000
000000001011110000111011000000
000000000001111111100011000000
000000000000011111000001000000
001110000000000000000000000000
000100000000000110000000000000
000000000000000110011110000000
000000000000000000011110000000
000000000000000000000101000000
000000000100000100000011100000
