000000001000000000000000110000
000000001110000000000000110000
000000001111000100000001001000
000000000001111100000011000000
100000000110101011110010000000
011010000111111111000101000000
110110001101111111001111000000
000000000001111000001111000011
000000000001111000001111110011
000000000001111000001111000010
000000000001111000001111000000
000000000001111000001111000000
000000000001111000001111000000
000000000001111000001111000000
000000110010111000001111000000
000000111001111000001111000000
000000000001111000001111000000
000000000001111000001111000000
000000000001111000001111000000
000000000001111000001111000000
000000000001111100001111000000
000000000001111111111111000000
000000000000111111111110000000
000000000000011111111110000000
000000000000001111111100000000
000000000000000110000000000000
000000000000000000000000000000
000000000000000000000000000000
000000000000000000000000000000
000000000000000000000000001000
