000000000000000000000000000000
000000000000000000000000000000
000000000000000000000000000000
000000000000000000000000000000
000000000000000000000000000110
000000000000001000000000000000
000000000001111100000011000000
000000000001111000000011000000
000000000000010000000011000000
000000000000110000000011000000
000000000000110000000011000000
000000000010100000000011000000
000000000111100000000011000000
000000000001100000000011000000
000000000001100000000011000000
000000000001100000000011000000
000000000001100000000011000000
000000000001100000000011000000
000000000001100000000111000000
000000000001100000000111000000
000000000001110000000011000000
000000000000111000000011000000
000000000000111111100011000000
000000000000011111000000000000
000000000000000001000000000000
000000000000000000000000000000
000000000000000000000000000000
000000000000000000000000000000
000000000000000000000000000000
000000000000000000000000000000
