000000000000000000000000000000
000000000000000000000000000000
000000000000000000000000000000
000000000000000000000000000000
000000000000000000000011000000
000000000000000000000011000000
000000000000001110000011110000
000000000000011111000001111000
000000000000011110000001110000
100000000000011110000001110000
000000000000011110000001111000
000000000000011100000000000100
000000000000011100000011000000
000000000000111100000011100000
000000000000111100000011100000
000000000000111100000111100000
000000000100111100000111100000
000000000110111110000111100000
000000000100111110001111100000
000000000001111000001111000000
000000000000001000001111000000
000000000000001100011111000000
000000000000011111111110000000
000000000000011111111100000000
000000000000001111110000000000
000000000000000010000000000000
000000000000000100000000000000
000000000000001100000000000000
000000000000000000000000000000
000000000000000000000000000000
