000000000000000000100000000000
000000000000000000000000000000
000000000000000000000000000000
000000000000000000001100000000
000000000000000000000000000000
000000000000000000000000000000
000000000000000000000000000000
000000000000000000000000000000
000000000000000000000000000000
000000000000110000000000000000
000000000001111000001100000000
000000000000110000001110000000
000000000000110000001110000000
000000000001110000000100000000
000000000011110000001100000000
000000000001111000011100000000
000000000000110000001110000000
000000000000000000001100000000
000000000000000000000110000000
000000000000000000000100000000
000000000000110000000000000000
000000000000011100000100000000
000000000000011111100110000000
000000000000001111000000000000
000000000000000000000000000010
000000000000000000000000000000
000000000000000000000000000000
000000000000000000000100000000
000000000000000000000100000000
000000000000000000001010000000
