000000001100000000000000000000
000000000000000000000000000000
000000000000000000000000000000
000000000000000000000000000000
000000000000000000000000000000
000000000000000000000000000000
000000000000000000000000000000
000000000000000000000000000000
000000000000000000000000000000
000000000000000000000000000000
000000000000000000000000000000
000000000000000000000000000000
000000000000000000000000000000
000000000001110000011100000000
000000000001111000011110000001
000000000000111000001110000001
000000000000111000001100000000
000000000000111000001100000000
000000000000111000001110000000
000000000000111000001110000000
000000000111111100011110000000
000000000110111000001110000000
000000000000111000001110000000
000000000000111000001110000000
000000000000011100001110000000
000000000000001110001110000000
000000000000000000000000000000
000000000000000000000000000000
000000000000000000000000000000
000000000001000000000000000000
