000000000000000000000000000000
000000000000000000000000000000
000000000000000000000000000000
000000000000000000000000000000
000000000000000000000000000000
000000000000000000000000000000
000000000000000000000000000000
000000000000000000000000000000
000000000001110000000000000000
100000000001111000100000000000
000000000110111001110000000000
000000001111111001110000000000
000000011101110011110000000000
001100000101110011101000000000
001100000011100111111110001100
000000000011100111111110001111
000000000111001110111100000011
000000000111011110111000000011
000000000011111001110000000000
000000000000100000000000000000
000000000000000000000000000000
000000000000000111000000000000
000000000000000110000000000000
000000000000000000000000000000
000000000000000000000000000000
000000000000000110000000000000
000000000000000110000000000000
000011000000000010000011000000
000011000000000110000011000000
000011000000000110000011100000
