000000001110000000000000000000
000000011001100000000000000000
000000010001110000000000000000
000000011101100000000000000000
000000000110000000000000000000
000000000111100000000000000000
000000000000110000000000000000
000000000000100000000000000000
000000000000000000000000000000
000000000000110100000111000000
010001100000111100000110000000
001100000001111000001111000000
000110000001111100001111000000
100010000001111100001111000000
110010000001111100001111000000
001101000001111100001111000000
011110000001111100111111000000
111100000001111000111111001100
011110000001111111111111001110
011010000001111111111111101100
011001000001111111111111111100
111000000001111110111111011000
111100000000111111111111000000
110100000000111111111111000000
101100000000011111101111000000
001100000110100001000010000000
000000011101010000000000000010
000100101010111000000000000010
000000111111100000000000000000
000000011111000000010000000000
