000000000000000000000000000000
000000000000000000000000000000
000000000000000000000000000000
000001000000000000000000000000
000000111010000000000000000000
000001100011000000000000000000
000000000111000000000000000000
010000000011000000000000000000
010000000000000000000000000000
000000000000000000000000000000
000000000000001000000000000000
000000000000001100000000000000
000000000000010101111100000000
000000000000011000111110000000
000000000001110000111100000000
000000000001111000111100000000
000000000001111000011110000000
000000000001111000111100000000
000000000001111000110100100000
000000000001111000111100011000
000000000001111000111100100000
000000000001111111111100000011
000000000001111111110100000001
000000000000111111111100000000
000000000000011110011000000000
000000000000000000000000000000
010000100000000000000000000000
101111100000000000000000000000
000100000000110000000000000000
000100000000111110000000000000
