000000111000000000011100000000
000000000000000000000000000000
000000001000000000000000000000
000000001100000000000000000000
000000001100000000000000000000
000000101000000000000000011111
000011111111110011111110011011
000101001101110011110000000111
000010001001110011100000000000
000010000001110011100000000000
000010000001110011100000000000
000000000001110011100000000000
000000000001110011100000000000
000000000001110011100000000000
000010000001100011100000000000
110000000001111111100000000000
111101011001111111100000000000
000111111111111111111011000000
000101110011111111111111100000
000110001111000000000011100000
000100001101100000001111000000
000010000000111110011110000000
000000000001111001110010000000
000000000011100000111100000000
000000000011000000011110000000
000000000000000000101011000000
000000000000000000111010001010
000000000000011101111111110111
000000000011001000100001100001
000000000001101001000001000011
