000000000000000000000000000000
000000000000000000000000000000
000000000000000000000000000000
000000000000000000000000000000
000000000000000000000000000000
000000000001111111100000000000
000000000001111111100000000000
000000000000000000000000000000
000000000000000000000000000000
000000000000000000000000000000
000000000000111000000010000000
000000000001110100011110000000
000000000001111100001110000000
000000000000011100000110000000
000000000000011100000110000000
000000000000011000000110000000
000000000000011000000110000000
000000000000011000000110000000
000000000000111000000110000000
000000000000111000001110000000
000000000000111100111110000000
000000000000000110001110000000
000000000000000000000000000000
000000000000000000000000000000
000000000000000000000000000000
000000000000000000000000000000
000000000000000000000000000000
000000000000000000000000000000
000000000000000000000000000000
000000000000000000000000000000
