100000000000011110101000000000
000000000000000000000000000001
000000000000000000000000000000
000000000000000000011000000000
000000000000000000111000000000
000000000000000000011000000000
000000000000000000000000000000
000000000000000000000000000000
000000000000000000000000000000
000000000000000000000000000000
000000000000000000000000000000
000000000000110000001100000000
000000000000110000001100000000
000000000000110000001100000000
000000000000110000001100000000
000000000000000000001100000000
000011000000000000001100000000
000111100000000000001100000000
000011100000000000001100000000
000011000000110000001100000000
000000000000110000000000000000
000000000000111111000000000000
000000000000011111000000000000
000000000000000000000000000000
000000000000000000000000000000
000000000000000000000000000000
000000000000000000000000000000
000000000000000000000000000000
000000000000000000000000000000
000000000000000000000000010000
