000000000000000000000000000000
000000000000000000000000000000
000000000000000000000000000000
000000000000000000000000000000
000000110000000000000000000000
000000000000000000000000000000
000000000000000000000000000000
000000000000000000000000000000
000000000000000000000000000000
000000000000000000000000000000
000000000000000000000000000000
000000000000000000000000000000
000000000000000000000000000000
100000000000000000000000000000
110000000000000000000000000000
110000000000000000000110000000
111000000000000000000110000000
111000000000000000000100000000
111000000000011000000110000000
110000000000111100000111000000
110000000000111100000110000000
110000000000001100000110000000
110000000000011100000111000000
100000000000011100001110000000
100000000000011100011110000000
000000000000011100111100000000
000000000000011000111100100000
000000000000011001001111110000
000000000000001110001111100000
000000000000011100001110100000
