000101101000000000010100000101
000000000000000000000100000000
000000000000000000001110000100
000000000000000000001100001110
000000000000000000111100001010
000000001110000000111000000100
000110011110000000011100000000
000000011100000000011100000000
000000000000000000000011000000
000000000000000000000011000000
000000000000000000000000000000
000000000000000000110000000000
000000000000000000110111100000
000000000000000000000010100000
000000001000000000000000000000
000000001000000000000000000000
000000000001110000001100000000
000000000011111011011110000000
000000000011111011011111100000
100000000011111011011111100011
100000000011111111111110000001
000000000011111010011110001111
110000000011111000011111011101
110000000011111100111110011111
001000000001111000011110111111
111000000001111100111111001111
110000000011111111111110000001
000000000011111111111111000000
000000000011111111111111000000
000000000011111111111111000100
