110000000000000000000000000000
100000000000000000000000000000
000000000000000000000000000000
000000000000000000000000000000
000000110000000000000000000000
100000110000000000000000000000
000000110000000000000000000000
000000100000000000000000000000
000000100000000000000000000000
011000000000000000000000000000
011000000000000000000000000000
011111011000000000000000000000
001111111100000000000000000000
000011000000000110000000000000
000000000000000110001110001000
000000000000000000001110001110
000000000000000000000000000110
000000000000000000000000000000
000000000001100000000000000000
100000001101100000000000000000
101100000000000000000000000000
111110000000000000000000000000
111100000000000000000000110000
110000000000000000000000110000
000000000000000000000000100000
000000000000000000110000000000
000000000000000000010011000000
000000000000000000000000000000
000000000000000000000000000000
110000000000000000000110000000
