000000000000000000000000000000
000000000000000000000000000000
000000000000000000000000000000
000000000000000000000000000000
000000000000000000000000000000
000000000000000000000000000000
000000000000000000000000000000
000000000000000000000000000000
000000000000000000000000000000
000000000000000000000100000000
000000000001111000111110000000
000000000001111101111110000000
000000000001111101111110000000
000001100011111101111110000000
000001100111111111111110000000
000000000011111111111110000000
000000000011111101111110000000
000000000001111101110111000000
000000000001111101111110000011
110000000001111101111110000001
110000000011111101111110000000
010000000011111101101010000000
001000000001110101111110000000
000100000001111101111110000000
000010000001111111111100000000
000001000001111111000000000000
000000000000111000000000000000
000000000000010000000000000000
000000000000000000000000000000
000000000000000000000000000000
