000000010000100000001110000000
000000000000000000001110000000
000000110010110000011010000000
000000111001111000111110000000
000000010000110000100100000000
000000010000000000000010000000
000000010000000000000000000000
000000000000000000000110000000
000000000000000000001111011000
000000000000000000110110111000
100000000000000000000001000000
000000000000000000000000100000
010000000000000000000001110000
000000000000110000001001111000
000000000001111100000111101100
000000000001111110000111101000
000000000001111110001111110000
000000000011111100001111111000
000000000011111100001111111011
000000001011111100101111111111
000011110110111111111111101110
000011100001111011101111100000
000000000001111100111111000000
011000000001111111111111111100
001000000000111111111111111100
000000000000111111101111111100
000000000000011111000111111000
000000000000000000000011110000
000000000000000000010000011000
000000000000000010111111111111
