000000000000000000000000000000
000000000000000000000000000000
000000000000000000000000000000
000000000000000000000000000000
000000000000000000000000000000
000000000000000000000000000000
000000000000000000000000000000
000000000000000000000000000000
000000000000000000000000000000
000000000000000000000000000000
000000000000000000000000000000
000000000000000000000000000001
000000000000000000000000000001
000000000000000000000000000001
000000000000000000000000000000
000000000000000000000000000000
000000000000000000000000000000
000010000000000000000000000000
000110000000000000000000000000
000000000000000000000000000000
000000000000000000000000000000
011000000000000000000000000000
011000001100000000000000000000
000000000100000000000000000000
000000000000000000000000000000
000000000000000000000000000000
000000000000001000000000000000
000000000000001000000000000000
000000000000000000000000000001
000000000000100000000000000000
