000000000000000000000000000000
000000000000000000000000000000
000000000000000000000000000000
000000000000000000000000000000
000000000000000000000000000000
000000000000000000000000000000
010000000000000000000000000000
111000000000000000000000000000
000000000000000000000000000000
000000000000000000000000000000
000110000000000000000000000000
000000000000000000000000000000
000000000000110000001100000000
000000000001111000011110000000
000000000001110000011110000000
000000000001111000011110000000
000000000001111000011110000000
110000000001111000011110000000
111000000001111000011100000000
111000000001111000011110000000
000000000001111000011110000000
000000000000111100111100000000
000000000000111111111100000000
000000000000111111111111100000
000000000011011111111100000000
000000000011110000000000000000
011111110000001000000100000000
001111110000011100000000000000
000000000000000000000000000000
000000000000000000000000100000
