000000000000000000000000001101
000000000000000000000000001101
000000000000000000000000001100
000000000000000000000000000100
000000000000000000000000000110
000000000000000000000000000110
000000000000000000000000000111
000000000000000000000000000000
000000000000000000000000100000
000000000000011000001111100000
000000000000111100011111000000
000000000001111100011111000000
000011000001111100011111000000
000000000001111100011111000000
110000000001111100011111000000
110000000001111100011111000000
110000000000111100011111000000
000000000001111100011111000000
000000000001111100011111000000
000000000001111111111111000000
000000000001111111111111000000
000000000001111111111111000000
000000000000111111111111000000
000000000000000000000000111000
000000000000000000000000111000
000000000000000000000000110000
000000000000000000000000110000
000000000000000000000000000000
000000000000000000000000000000
000000000000000000000000001000
