000000000000000000000000000000
000000000000000000000000000000
000000000000000000000000000000
000000000000000000000000000000
000000000000100000000000000000
000000000001000000000000000000
000000000000000000000000000000
000000000000000000000000000000
100000000000000000000000000000
000000000000111000100000000000
000000000000111001110000000000
000000000000110001110000000000
000000000001110011110000000000
000000000011110011100000000000
000000000011100111100000000000
100000000011001111000000000001
000000000111011110011000000001
000000000111011110111000000001
000000000011100001110000000000
000000000000000000000000000000
000000000000000000000000000000
000000000000000000000000000000
000000000000000000000000000000
000000000000000000000000000000
000000000000000000000000000000
000000000000000000000000000000
000000000000000000000000000000
000000000000000000000000000000
000000000000000000000000000000
000011000000000000000000000000
