000000000000000000000000000000
000000000000000000000000000000
000000000000000000000000000000
000000000000000000000000000000
000000000000000000000000000000
000000000000000000000000000000
000000000000000000000000000000
000000000000000000000000000000
000000000000000000000000000000
000000000000000000000000000000
000000000000000000000000000000
000000000000011110000111110000
000000000000011111001111110000
000000000000001110000011100000
000000000000001110000011100000
000000000000001110000111100000
000000000000011110000011110000
000000000000011100000111100000
000000000000011100000111100000
000000000000011100011111000000
000000000000011111111111100000
000000000000001111111111000000
000000000000000000000000000000
000000000000000000000000000000
000000000000000000000000000000
000000000000000000000000000000
000000000000000000000000000000
000000000000000000000000000000
000000000000000000000000000000
000000000000000000000000000000
