000001000000000000000000000000
000000000000000000000000000000
000000000000000000000000000000
000000000000000000000000000000
100000000000000000000000000000
000000000000000000000000000000
000000000000000000000000000000
000000000000000000000000000000
000000000000000000000000000000
000000000000000000000000000000
000000000000000000000000000000
000000000000000000000000000000
000000000000100000000000000000
000000000001100000111000000000
000000000001100000111000000000
000000000001100000110000000000
000000000001110000010000000000
000000000000100000110000000000
000000000001100000110000000000
000000000001100000110000000000
000000000011100000110000000000
000000000011110000110000000000
000000000010110011111000000000
000000000001111111110100000000
000000000000011111011010000000
000000000000000000000000000000
000000000000000000000000000000
000000000000000000000000000000
000000000000000000000000000000
000000000000000000001010000000
