000000000000000000110100000000
000000000000000000011100000000
000000000000000011000110000000
100000000000000000000110000000
100000000000000000000100000000
000000000000000000000000000000
000000000000000000000000000000
000000000000000001100000000000
000000000011000001101100000000
000000000111111000001111111000
000000000111111000000011110000
000000000101110000000111100000
000000001000111000000011100000
000000000000111000000111000000
000000000000110000000111000000
000000000000011100000110000000
000000001100011110000110000000
000000001110001110001110000000
000000001101001110001111000000
000000000011001111011110000000
000000000110001111011000000000
000000000000000111111100000000
000000000000000111111100000000
000000000000000011110000001000
000000000000000011111000000000
000000000000000011110011100000
000000000000000001100001000000
000000000000000000000000000000
000000000000000000000000000010
000000000000000010000000000110
