000000000000000000000000000000
000000000000000000000000000000
000000000000000000000000000000
000000000000000000000000000000
000000000000000000000000000000
000000000000000000000000000000
100000000000110000000000000000
100000000000111100000000011000
000000000000001100000000011000
000000000000001100000000110000
000000000000000100000000110000
000000000000000110000001100000
000000000000000110000001100000
000000000000000110000011000000
000000000000000000000110000000
000000000000000000000110000000
000000000000000011000100000000
000000000000000011001000000000
000000000000000011011000000000
000000000000000011011000000010
000000000000000111111100000000
000000000000011111111000000000
011100110000000000000000000000
011100110000000000000000000000
000000000000000000000000000000
000000000000000000000000000000
000000000000000000000000000000
000000000000000000000000000000
000000000000000000000000000000
000000000000000000000000000010
