000000000000000000000000000000
000000000000000000000000000000
000000000000000000001000000000
000000000000000000000000000000
000000000000000000000000000000
000000000000000000000000000000
000000000000000000000000000000
000000000000000000000000000000
000000000000000000000000000000
000000000001110000000011100000
000000000001110000000011110000
000000000000110000000001100000
000000000000010000000011100000
000000000000111000011011000000
001111000000011000001110000000
001111000000001000000110000000
000000000000000010000110000000
000000000000000110000100000000
000000000000001110001100000000
000000000000001110000001100000
000000000000000111000001100000
000000000000000111000001100000
000000000000000011110001100000
000000000000000011110000000000
000000000000000001100000000000
000000000000000000000000000000
000000000000000000000000000000
000000000000000000000000000000
000000000000000000000000000000
000000000000000001000000000010
