000000000000000000000000000000
000000000000000000000000000000
000000000000000000000000000000
000000000000000000000000000000
000000000000000000000000000000
000000000000000000000000000000
000000000001100000000111000000
001000000011110000001111000000
000000000001110000011111000000
000000000001110011101111000000
000000000001110011001110000000
000000000001111110001110000000
000000000000111110011110000000
000000000000111101011100001100
000000000000011110111100001100
000000000000011110111100000000
000000000000011100111000000000
110000000000011110111000000000
110011000000001111111000000000
000011000000001111110100000000
000000000000001111110000000010
000000000000000111110000000000
000000000000000111100000000000
000000000000000111100000000000
000000000000000011000000000000
000000110000000000000000000000
000000110000000000000000000000
000000000000000000000000000000
000000000000000000000000110000
000001000000000000000000110100
