000000000010000000000000000000
000000000000000000000000000000
000000000000000000000000000000
000000000000000000000000000000
000000000000000000000000000000
000000000000000000000000000000
000000000000000000000000000000
000000000000000000000000000000
000000000000001100000000000000
000000000000000000000000000000
000000000000000000110000000000
000000000000000000111000000000
100000000000000000100010000000
100000000000000000000000000000
110000000000000000000000000000
110000110000000000000000000000
000000110000000000000000000000
100000100000000000000000000000
100000110000000000000000000000
000100110000000000000000000000
000000110000000000000000000000
000001100000000010001000000000
000000000000000000011000000000
000000000000000000000000000000
000000010000000000000000000000
000000011000000000000000000000
000000001000000000000000000000
000000000000000000000000000000
000000000000000000000000000000
001100000010000000000000000000
