000000000000000000000000000000
000000000000000000000000000000
000000000000000000000000000000
000000000000000000000000010000
000000000000000000000000100000
000000000000000000000000100000
000000000000000000000110111100
000000000111100000000111101100
000000001111100000000111100001
000000000011100000000111100001
000000000001110000000111000000
000000000001110000001110000000
000000000000110000001110000000
000000000000111000111110000000
000000000000111000111110000000
000000000000111000111100000000
000000000000011100011100000000
000000000000011100011100000000
000000000000001111111000000000
000000000000001110111000000000
000000000000001110110000000000
000000000000000111110000000000
000000000011000111110000000000
000000000000000111110000000000
000000000000000011100000000000
000000000000000000000000000000
000110000000000000000000000000
000000000000000000000000000000
000000000000000000000000000000
000000000000000000000000000000
