000000000000000000000001000010
000000000000000000000000000000
000000000000000000000001000000
000010000000000000000000000000
000010000000000000000000000000
000111100010000000000000000000
000011100111000000000000000000
000000000011001100000110000000
000000000000001100001111100000
000000000000000000011111110000
000000000000000000000111111111
000000000000000000000010001011
000000000001100000000011110000
000000010011110000000001110000
000000111011110000000001110000
000000111001111000000111100000
000001111001111100001111111111
000000000000111000000111011011
000000000000111100000111111111
011000110000011111111110100000
111111111100011111111110010000
011111111100001111111111111000
111100000000001110011110000000
110000000000001110111100000000
000000000000000111111000000000
000000000000000111111000000000
000000000000000111110000000000
000000000110010011110000000000
000000000110000011110000000000
000000000110000011100000000001
