000000000111100000000000000000
000000001111100000000000000000
000000000100000000000000000000
000000000000010000000000000000
000000000000101000000000000000
000000001101001000000000000000
000000001111111000000000000000
000000000000111000000000011100
000000000000000000000001011100
000000000000000000010001101101
000001100000110000000001111000
000110110000110010000011110000
000111000000001110000011111100
000000000000001101001111111100
000000000000000110111111111101
000000000000000000010110000010
000000000000000000001100000001
001110000000000000001110000000
011101000000000000001100000000
010111000000000000011000000000
101100000000000000011000000000
011100000000000000011000000000
010100000000000000110000000000
001100000000000000110000000000
011000000000000011110000000000
001100000000000011110000000000
000000000000000011110000000000
000000000000000001100000000000
000100000000000000000000000000
101100000000000001100000000000
