100000000000000000100000000000
000000000000000000000000000000
000000000000000000000000000000
011100000000000000000000000000
001100000011111000000000000000
000000000011111000000001100000
000000000011111000000011110000
000000000001111000000011110000
000000000001111000000011110000
000000000000111100000111100000
000000000000111100000111100000
000000000000111110000111100000
000000000000011110001111000000
000000000000010110000100000000
000000000000001111001110000000
000000000000001111011110000000
000000000000001111011110000000
000000000000000011111100000000
000000000000000011111100000000
000000000000000111111100000000
000000000000000111111000000000
000000000000000011111000000000
000000000000000011011000000000
000000011111111000110000000001
000000011111110000000000000000
000000000000000000000000000000
000000000000000000000000000000
000000000000000000000000000000
000000000000000000000000000000
000000000000000000000100000000
