000000000000000000000000000000
000000000000000000000000000000
000000000000000000000000000000
000000000000000000000000000000
000000000100000000000000000000
000000001110000000000000000000
000000001110000000000000000000
000000000100000000000000000000
000000001100000000000000000000
000000001100000000000000000000
000000000000000000000000000000
000000000000000000000000000000
000000000000111110000000001100
000000000000111111000000011110
000000000001111111000000011110
000000000000100111100000011110
000000000000000011100000001110
000000000000000011100000000001
000000000000000011100000000001
000000000000000001100000001000
000000000000000001110000010000
000000000000000001110000100000
000000000000000001110000100001
000000000000000001110101000000
000000000000000000111111000000
000000000000000000111011000000
000000000000000000111110000000
000000000000001000111100000000
000000000001001100111100000000
111111111111111100011011000000
