000000000000000000000000000000
000000000000000000000000000000
000000000000000000000000000000
000000000000000000000000000000
000000000000000000000000000000
000000000000000000000000000000
000000000000000100000000000000
000000000000001100000000001100
000000000000000100000000011100
000000000000000110010000011000
000000000000000110010000111000
000000000000000100000000110000
000000000000000110000001100000
000000000000000110000001000000
000000000000000110000000000000
000000000000000110000000000000
000000000000000011000000000000
000000000000000010000000000000
000000100000000011000000000000
000000100000000011001100000000
000000000000000011000000000000
000000000000000011000000000000
000000000000000001000000000000
000000000000000000000000000000
000000000000000000000000000110
000000000000000000000000000100
000000000000000000000000000000
000000000000000000000000000000
000000000000000000000000000000
000000000000000000000000000000
