000000000000000000000000000000
000000000000000000000000000000
000000000000000000000000000000
000000000000000000000000000000
000000000000000000000000000000
000000000000000000000000000000
000000000000000000000000000001
000000000000000000000000000000
000000000000000000000000001100
000000000000000000000000001100
000000000111000000000000000000
000000001111100000000110000000
000000000001100000000110000000
000000000000110000000000000000
000000000000110000000000000000
000000000000011111111111000000
000000000000111111111111000000
000000000000011000110000000000
000000000000001100110000000000
000000000000001101110000000000
000000000000000101100000000000
000000000000000111100000000000
000000000000000111000000000000
000000000000000010000000000000
000000000000000000000000000000
000000000000000000000000000000
000000000000000000000000000000
000000000000000000000000000000
000000000000000000000000000000
000000000000000000000000000000
