000000000000000000000000000000
000000000000000000000000000000
000000000000000000000000000000
000000000000000000000000000000
000000000000000000000000000001
000000000000000000000000000000
000000000000110000000000000000
000000000000100000000000000000
000000000000000000000000000000
000000000000000000000000000000
000000000000000000000000000000
000000000000000000000000000000
000000000011100000011110000000
000000100011110000111111011100
000000000011110001111111111000
111000010011111011111000000000
011100001111110001110000000000
011100000000111001110000000000
000000000000111011110000000000
000000000000111011100000000000
000000000000011111100000000000
000000000000011111100000000000
000010000000011111000000000000
000000000000001111000000000000
000000000000000110000000000000
000000000000000000000000000000
000000000000000000000000000001
000000000000000000000000000001
000000000000000000000011111011
000000000000000000000111110011
