000000000001000000000000000000
100000000000000000000000000000
000000000000000001110000000100
000000000000000001110000001000
100000000000000001000000001100
000000000000000001110000000000
100000000000000011110001100000
100000000000000111100001000000
111110000000011000000000000000
001111000000111000000000001100
000111110100111000011011100100
001111111110011111110111111100
001100110111010101011001111100
000110000011111111100011111011
000011000000111111000111111111
000000000000000111101011000000
100000011000000111011110100000
000000011000000111101111110000
000000011000000011011100111000
000000010000000010111011001100
000000100001000011111101110100
000000110001000011111110101000
000000100000000000011110011100
000001000000000000000100010000
000010000000100000001111100000
000000000001000000010111000000
000010000011111111110000000000
000111000000110011100000000000
000011000001111001000000000000
000001001111011100101010000000
