000000000000000000001100000000
000000000000000000000000000000
000000000000000000000000000000
000000000000000000000000000000
000000000000000000000000000000
000000000000000000000000000000
000000000000000000000000000000
000000000000000000000000000000
000000000000000000000000000000
000000000000000000000000000000
000000000001000000001111000000
000000000011100000011111000000
000000000011110011111000000000
000000000001111110111100000000
000000000111110100111000000000
000000000110111000110000000000
000000000000111000110000000011
001100000000011001100111000111
000000000000111111110000001000
000000000001111111100000010000
000000000001001111000000011000
000000000000001111001000001000
000000000000000111001000001000
000000000000000000000000000000
000000000000000000000000000000
000000000000000000000000000000
000000000000000000000000000000
000000000000000000110000000000
000000000000000000000000000000
000000000000000000000000000000
