010000000000000001000000001000
000000000000000000000000000000
000000000000000000000000000000
000000000000000000000000000000
000000000000000000000000000000
000000000000000010000000000000
000000000000000110000000000000
000000000000000000000000000000
000000000000000000000000000000
000000000011000000000100000000
000000000101100000001100000000
000000111001100000001000000000
000000110001100000000000000000
011100000001110000001000000000
101100100011011000010000000000
000000000000111110110001000000
000000000000011101011000000000
000000000000011000110000000000
000000000000001101100000000000
000000000000001110100000110000
100000000000001100110000110000
100000000000000100110000000000
000000000000000011000000000000
000000000000000010000000000000
000000000000000000000000000000
000000000000000000000000000000
000110000000000000000000000000
000110000000000000000000000000
000000000000000000000000000000
000010011000000000110000000000
