000000000000000000000000000000
000000000000000000000000000000
000000000000000000000000000000
000000000000000000000000000000
000000000000000000000000000000
000000000001100000000000000000
000000000011110000000000000000
000000000001110000000000110000
000000000000111000000001110000
000000000000011000000011100000
000000000000011000000011000000
000000000000001100000011000000
000000000000001100000110000000
000000000000000110000110000000
000000000000000110000100000000
000000000000000110001000000000
000000000000000011011000000000
000000000000000011111000000000
000000000000000011110000000000
000000000000000001100000000000
001111100111000000000000000000
001111101111100000000000000000
000000001111100000000000000000
000000000000000000000000000000
000000000000000000000000000000
000000000000000000000000000000
000000000000000000000000000000
000000000000000001000000000000
000000000000000001000000000000
000000000000000001100000000000
