000000000001101000000000000000
000000000000000000000000000000
000000000000000000000000000000
000000110000000000000000000001
000000110000000000000000000000
000000000001000000000110000000
000000000010000000000110000000
000000000000000000000000000000
000000000000000000000000000000
000000000000000000000000000000
000000000000010000000000000000
000000000000011000000000000000
000000000000001000000000000000
000000000000000000000000000000
000000000000000000000000000000
000000000000000000000000000000
000000000000000000001000000000
000000000000000110001000000000
000000000000000110000000000000
000000000000000000000000000000
000000000000000000000000000110
000000000000000000000000000010
000000000000000000000000000100
000000000000000000000000000000
000000000000000000000000000000
000000000000000000000000000000
000000000000000000000011000000
000000000000000000000000000000
000000000000000000000000000000
000000000000000000010001100000
