100000000000000000000000000000
000000000000000000000000000000
000000000000000000000000000000
000000000000000000000000000000
000000000000000000000000000000
000000000000000000000000000000
000000000000000000000000000000
000000000000011000000000000000
000000000000011000000000000000
000000000000000000000011110000
000000000000000000000001111000
000000000000000000000000010000
000000000000000000000000000000
000000000000000000000000000000
000000000010000000000000000000
000000000110000000000000000000
000000000100000000000000000000
000000000001100000001000000000
000000000011110000011100000000
000000000011110000111000000000
000000000011110000111000000000
000011110111111001111000000000
000001110011111111111000000000
000000100001111101110000000000
000000000000011111110000000000
000000000000011111110000000000
000000000000001111100000000000
000000000000001111100000000000
000000000000000111000000000000
000000001000000111000000000000
