000100000000000001111110000000
000111100000000000000010000000
100111100000000001011100000000
000001010000000011111110000001
000011111000000000000001000000
001001010000000000000010000000
011000100000000000001110000000
011000000000000000001100000000
110000000000000000000000000000
100110000000000000000000000000
000110000000000000000000000000
000000000000000000100100100001
000000100011110000111100000011
101010000011110000111100000001
000000000011111001111000000001
000000000011111001111000010001
000000000011111001111000010000
000000000001111011110000110001
000000000000111111110000110000
000000000000111111110000011001
000000000000011111110000010111
000000000000011111100000001101
000000000000011111100000001111
000000000000001111100000000110
000000000000001111110000000111
000000000000000101111000000110
000000000000000100011100000101
000011000000000110011100000110
000011100000000000111001100000
000111101000000000110011100000
