000000000000011000000000000000
000000000000000000000000000000
000000000000000000000000000000
000000000000000000000000000000
000000000000000000000000000000
000000000000000000000000000000
000000001100000000000000000000
000000000000000000000000000000
000000000000000001001000000000
000000000000000011110000000001
000000000011100001111100000000
000000000011111001111000110001
000000000011111001111000111000
000000000011111101111000110000
000000000011111011111000110000
000000000001111001111000000000
000000000001111011111000000000
000000000001111011110000000000
000000000001111011110000000000
000000000001111111110000000000
000000000001111111110000000000
000000000001111111110000000000
000000000000111111110000000000
000000000000111111110000000000
000000000000111111110001100000
000000000000111111100001100000
000000000000011111000000000000
000000000000000000000000000000
000000000000000000000000000000
000000000000000000100000000000
