000000000000000000000000000000
000000000000000000000000000000
000000000000000000000000000000
000000000000000000000000000000
000000000000000000000000000000
000000000000000000000000000000
000000000000000000000000000000
000000000000000000000000000000
000000000000000000000000000000
000000000000000000000000000000
000000000000000000000000000000
000000000000000000000000000000
000000000000000000000000000000
000000000000000000000000000000
000000000000000000000000000000
000000000000000000000000000000
000000000000010000110000000000
000000000001110000111000000000
000000000000100000111000000000
000000000001110000111000000000
000000000001110000111000000000
000000000000111000111000000000
000000000000111001110000000000
000000000000111001110000000000
000000000000011111110000000000
000000000000011111100000000000
000000000000001111100000000000
000000000000001111100000000000
000000000000001111000000000000
000000000000000111000000000000
