000000000000000000000000000000
000000000000000000000000000000
000000000000000000000000000000
000000000000000000000000000000
000000000000000000000000000000
000000000000000000000000000000
000000000000000000000000000000
000000000000000000000000000000
000000000000000000000000000000
000000000000000000000000000000
000000000000000000000000000000
110000000000000000000000000000
110000000000000000000000000000
000000000000000000000000100000
000000000011100000000001110000
000000110011110000000001110000
000000110001111000000011100000
000000000001111000000111100000
000000000000111000000111000000
000000000000011100001111000000
000000000000001100011110000000
000000000000001111111111000000
000000000000001111111100100000
000000000000000111111000000000
000000000000000111111000000000
000000001100000011110000000000
000000001100000001000000000000
000000000000000000000000000000
000000000000000000000000000000
000010000001000000000000000000
