000000000000000000000000000000
000000000000000000000000000000
000000000000000000000000000000
000000000000000000000000000000
000000000000000000000000000000
000000000000000000000000000000
000000000000000000000000000000
000000000000000000000000000000
000000000000000000000000000000
000000000000000000000000000000
000000000000000000000000000000
000000000011001100000000000000
000000000011001100000000000000
000000000011001100000000000000
000000000011001000000000000000
000000000001010000000000000011
000000000000100000000000000000
000000000000000000000000000000
000000000000000100000000000000
000000000000001100000000000000
000000000000010000000000000000
000000000000000000000000000000
000000000000000000010000000000
000000000000000000010000000000
000000000000000000000000000000
000000000000000000000000000000
000000100000000000000000000000
000000100000000000000000000000
000000000000000000000000000000
010000110110000000000000000000
