000000000000000000000000000000
000000000000000000000000000000
000000000000000000000000000000
000000000000000000000000000000
000000000000000000000000000000
000000000000000000000000000000
000000000000000000000000000000
000000000000000011000000000000
000000000000000000110000000000
000000000000000000000000000000
000000000000000000000000000000
000000000000011110000001111000
000000000000111111000011111000
000000000000011110110001110000
000000000000011101111001100000
000000000000011101111001100000
000000000000011111111111100000
000000000000011111111111000000
100000000000011111111111000000
000000000100011111011110000000
000000000110011110011110000000
010000000000001100001100000000
111000000000000000000000000000
000000000000000000000000000000
000001000000000000000000000000
000000000000000000110000010000
000000000011001000110000000000
000000000000011100000000000000
000000101000001100000000000000
001101000111101000110000000000
