001000000000000000000000000000
000000000000000001100000000000
100000000000000001110000000000
000000000000000000110000000000
010110011000000001100000000000
001001111100000001000000000000
100000111100000000000000000000
100000011100000000000000000000
100000000000000000000100000000
100000000011111000111110001110
111000110111111100111100001110
011000010011111011111111111111
001000000011111001111111111111
000000110001111001111111001111
000010100001111001111110011110
000011000000111000110011101000
000000000000111111111111111100
000000000001111111111111111100
000000000001111111100111111100
000000000000111111100111111000
000000000000111111100111111000
000000000000011111000111111000
000000000000001110000011110000
000000000000000000000000000000
000000000000000000000000000000
000000000000000000000000000000
000000000000000000000000000000
000000000000000000000000000000
000000000000000000000000000000
000001100110000000000000000000
