111111111100011000011100000000
111111100000000000001000000000
111111000000110000000000000000
111101110000110010000000000000
111011111000000000000000000000
111111111100000110000000000000
111111111001001110000100000000
111111111011101111011011110000
101011111111011111111111111111
111111111111110101111110111111
111111111111111111111111111111
111111111111111111111111111111
111111011111111111111111111111
111111111011111111111111111111
111110111111111111111111011111
111111111101111111111111111111
111111011111111111111111111101
100011011111111111111111111111
111101011111111111111111111111
111111111101111111111111111111
011111101111111111111111111111
011111111111111111111111111110
101101111111111111111111111111
111111111111111111111111111101
111111111111111111111110110111
111111111111111111111111101001
111101011111111110101111111111
110111111111111111111101011111
111111111111111111111111111111
111011111111111011111111111111
