000000001100011111110111101011
000011100000000000000000000010
100011110000000000000000000101
000001110000000000000000110111
100011110000000011111111110101
110010111111100111111111011101
000111111111111111111111111111
000011000010011111111111111111
000000000100111111111111101111
000000001111111111111110111111
000000001111111111011001101111
000000001111111111111111110100
000000000111111111111111110001
000000000001111111111111110001
000000000010110111110111000011
000000001111110111111110000001
000000001101111111110111000111
000000000001111111111110111111
000000000011011110111111111111
000000000011111111111101111000
000000000001011110111101111001
000000000000111111111111001101
000000000001111111111100011111
000000000000101101110000001011
000110000000000011110000110111
100110000000000011110000111101
100000000000000001001111000011
001110000000000011101111000001
001111000000000011111110000000
000110100000000011111110111010
