000000000000001000000000000000
000000000000000000000000000000
000000000000000000000000000000
000000000000000000000000000000
000000000000000000000000000000
000000000000000000100000000000
000000000000000000100000000000
000000000000000000000000000000
000000000000000000000000000000
000000000000000000000000000000
000000000000010000000000000000
000000000000011110000111111000
000000000000011111000111111000
000000000000101100001100110000
000000000000111100111101110000
000000000000011101111101100000
000000000000011111111111000000
000000010000011111111111000000
000000110000001111011111000000
000000000000001110001110000000
000000000000001110001100000000
000000000000000100000000000000
000000000000000000000000000000
000000000000000000000000000000
000000000000000000000000000000
000000000000000000000000000000
000000000000000000000000000000
000000000000000000000000001100
000000000000000000000000001100
101000000000000001100100001100
