000000000000000000000000000000
000000000000000000000000000000
000000000000000000000000000000
000000000000000000000000000000
000000000000000000000000000000
000000000000000000000000000000
000000000000000000000000000000
000000000000000000000000000000
000000000000000000000000000000
000000001100000000000000000000
000000001100000000000000000000
000000000000000000000000000000
000000000000000000000000001100
000000000000000000000000000000
000000000000000000000000000000
000000000000000000000000000000
000000000000000000000000000000
000000000000000000001000000000
000000000001110000011000010000
000000000011111000001000011000
000000000011111000011000011000
000000000000011000111000011000
000000000000011100111000010000
000000000000011100101100100000
000000000000011101001101110000
000000000000011111001111110000
000000000000001111011111000000
000000000000011110001110000000
000000000000001100001110000000
000000000001011000100100000000
