000000000000000000000000011100
000000000000000000000000000000
000000000000000000000000000000
000000000000000000000000000000
000000000000000000000000000000
000000000000000000000000000000
000001000000000000000000000000
000000000000000000000000000000
000000000000000000000000000000
000000000000000000000000000000
000000000000000000000000000000
000000000000000000000000000000
000000000001000000000000000000
000000000001100000110000011000
000000100001100000110000011000
000001100001110000000000010100
000001100001100000000000001000
000001100000000000000000000000
000000000000100000000000000000
000000000000110000000000000000
000000000000000000000000000000
000000000000000001000000000000
000000000000001100000000000000
000000000000001100000010000000
000000000000000000000000000000
000000000000000000000000000000
000000000000000000000000000000
000000000000000000000000000000
000000000000000000000000000000
000000000000000000000000000000
