000000100110000000000000000000
000000000000000000000000000000
000000000000000000000000000000
000000000000000000000000000000
000000000000000000000000000000
000000000000000000000000000000
000000100000000000000000000000
000000000000000000000000000000
000000000001111001100011000000
000000000000111001100011000000
000000000000110001100111000000
000000000001110011100111001100
000000000001100111000100001100
000000000011100110001000001100
000000000111001110001000001100
000000000111001110000000000000
000000000011001100000000000000
000000000011100110010000000011
000000000000101111110000000011
000000000000011101100000000000
000000000000001100000000000000
000000000000000000000000000000
000000000000000000000000000000
000000000000000000000000000000
000000000000000000000000000000
000000000000000000000000000000
000000000000000000000000000000
000000000000000000000000000000
000000000000000000000000000000
010000000000000000000000000000
