000000000000000000000000000000
000000000000000000000000000000
100000000000000000000000000000
100000000000000000000000000000
100000000000000000000000000000
000000000000000000000000000000
000000000000000000000000000000
000000000000001110000000000000
000000000000010110011001110001
001101000000111011011001101001
011111100011001110000110000111
101110010011111001111110000111
111111101001110000111001001100
011101111111111001111111111110
000011111010111001011101111111
001111000000011000111111011100
010110000000011111101111110100
100011000000011110101110011010
000011000110011111111010111011
000000000110111111000111100011
000000000011111111000011000001
000000000011111011000001100000
000000010001000011000001100000
000000001000000001111100000000
000000000000000000011010000000
000000000000000100000111111111
111100000000000010000001111111
100000000000000010000000011010
100010000000000111000000000110
100111000000001100000100001100
