000000000000000000000000000000
000000000000000000000000000000
000000000000000001100000000000
000000000000000001100000000000
000000000000000000000000000000
000000000000000000000000000000
000000000000000000000000000011
000000000000000000000000000011
000000000000000000000000000000
000001100000000000000000000000
000000000000000000000000011000
000000000000000000000000011000
000000000000000000000000000000
000000000000000000000000000000
000000000000000000000000000000
000000000000000000000000000000
000000000000011100001000000000
000000000000011100011100110000
000000000000111000111000010000
000000000001110001110000111000
000000000011100001100001101000
000000000011100011100011110000
000000000011000111000110000000
000000000010000111000000000000
000000000000000010000000000000
000000000000000000000000000000
000000000000000000000000000000
000000000000000000000000000000
000000000000000000000000000000
000000000011000000000000000000
