000000000000000000000000000000
000000000000000000000000000000
011100000000000000000000000001
001111100000000000000000000001
000001100000000000100000000001
000000000000110001110000000001
000000000000001001100000000001
000000000000000001100000000000
000000000000000000000000000000
000000000000000000000000000000
000000000000000000000000000000
000000000000011001100000000000
000000000000011000100000000000
000000000000011000000000000000
000000000000011001000000000000
000000000010011011001000000000
000000000111111111111000000000
000001000011001110110000000000
000000000010000000000000000000
000000000000000000000000000000
000000000000000000000000000000
000000000000000000000000000000
000000000000000000000000000000
000000000000000000000000000000
000000000001000000000000000000
000000000011100000000000000000
000000000011000000000000000000
000000000000000000000000000000
000000000000000000000000000000
010000000000000000000000000000
