000000000000000000000000000000
000000000000000000000000000000
000000000000000000000000000000
000000000000000000000000000000
000000000000000000000000000000
000000000000000000000000000000
000000000000001100000000000000
000000000000000000000000000000
000000000000000000000000000000
000000000000000000000000000000
000000000000000000000000000000
000000000000000000000000000000
000000000000011110000000000000
000000000000111111000000000000
000000000001111111000000110000
000000000001100111000001110000
000000000000000011000001110000
000000000000000011000011110000
000000000000000011100011110000
000000000000000011100000110000
000000000000000011100000111000
000000000110000011100000111000
000000000000000011100000111001
000000000000000011100000011001
000000000000000011110000011011
000000000000000011110000011011
000000000000000011110000011110
000000000001000011100000011110
000000000000000111100000011100
000000000000000011000100011100
