000000011111101100010000000000
000000111001001010011111010100
111011100000111111011110101010
011111110010011011000000000101
100001110111111010000001100110
000000011011111111111001111100
101100010101111111011111111101
000100000001011111011011111111
000000000000111111010111111101
000000000000011111111111111110
000000000000011110101111111111
000000000000011111001111111110
000000000000011110011111111111
000000000000011110011110111111
000000000000011110111111111111
000000000000011110111110111111
000000000111111111111100111111
000000000111111111111100111111
000000000111011111111000111111
000000000111011111111000111111
000000000101111111110001111111
000000001110111111111111111111
000000001111111111101100111111
000000000110111111000000011111
000000000000000011100000000001
111000000000000011110000000001
000000000000000011110000000000
100000000000000001110000000000
100000000000000001100000000000
010000000001100001000000000000
