000000000000000000000000000000
000000000000000000000000000000
000000000000000000000000000000
000000000000000000000000000000
000000000000000000000000000000
000000000000001000000000000011
000000000011111100111110001111
000000000011111101111111001111
000000000011111101111111001111
000000000011111101111111011111
000000000011111101111111011111
000000000011111101111111011111
000000000011111101111111011111
000000000011111101111111011111
001100000001111111111111011111
001100000011111111111111111111
000000000001111111111111111111
000000000001111111111111111111
000000000001111111111111111111
000000000001111111111111111111
000000100001111111110111111111
000000100001111111110111111111
000000000000111111110111111111
000000000000111111110111111111
000000000000111111110111111110
000000000001111111110011111110
000000000001111111100001111110
000000000000000000000000000000
000000000000000000000000000000
010010000001100000000000000000
