000000000000000000000000000000
000000000000000000000000000000
000000000000000000000000000000
000000000110000000000000000000
000000000110000000000000000000
000000000000000000000000000000
000000000000000000110000000000
000000000000111111110011111100
111000000000111111100001111110
111000000000011100000000111100
000000000001011100000000111000
000000000011111100011000111000
000000000010011100111100111000
000000000000011101111111110000
000000000000011111111111110000
000000000000011111111111110000
000000000000111111111111110000
000000000000011111111111100000
000000000000111111001111100000
000000000000111110001111100000
000000000000111100001111100000
000000000000111000000111000000
000000000000000000000000000000
000100000000000000000000000000
001110000000000000000000000000
000111000000000000000000000000
000011000000000000000000000000
000000100000000000000000000000
000000100000000000000000000000
000011010000000000000000000000
