000000000000000000000000000000
000000000000000000000000000000
000000000000000000000000000000
000001000000000000000000000000
000000000000000000000000000000
000000000000000000000000000000
000000000000011000000010000000
000000000000111000000111000000
000000000000111000001111000001
000000000000111000011111000001
000000000000011000111111000011
000000000000011000111111000011
000000000000011000011011000111
000000000000011000111011000111
000000000000011000111011000111
000000000000000001110011001110
000000000000000001110011101110
000000000000001011100011101100
000000000010011111100011111100
000000000010011111000011111000
000000000010011111000011111000
000000000000011111000011111000
000000000000011110000011110000
000000000000011110000011110000
100000000000001100000011100000
100000000000000000000000000000
000000000000000000000000000000
000000000000000000000000000000
000000000000000000000000000000
000000000100000000000111000000
