000000000000000000000000000000
000000000000000000000000000000
000000000000000000000000000000
000000000000000001110001100000
000000000000011111111000000000
000001110000011100000000000000
000001100000000000000000000000
000000000000000000000000000000
000000000000000000000000000000
000000000000000000000000000000
000000000000000000000000000000
000000000000000000000000000000
000000000000000000000000000000
000000001000000000000000000000
000000011000000000000000000000
000000000000000000000000000000
000000000000000000000000000000
000000000000000000000000000000
000000000000000000000000000000
100000000000000000000000000000
110000000000000000000000000000
000000000000000000000000000000
000000000000000011000000000001
000000000000000010000000000001
000000000010000100000000000000
000000000000011100000000000000
000000000000011000000100000000
000000000000000000001101100001
000000000000000000000001110001
000000000000000000000000011100
