000000000000000010000000000000
000000000000000000000000000000
000000000000001000000000000000
000000000000110100000000000000
000000000000111100000000000000
000000000001010000000000000000
000000000011100000000000000000
000000000110111100000111100000
000000001100111110000111100001
000000011000111110001111110001
000000010000111110000111110001
000011000000111110010111110001
000110000000111110011111000011
101100000000111111001111000001
111100000000111110000110100001
110000000000111110000111100001
000001100000111110000111110001
000000000000111110001111100001
000000000000111100001111110001
000000000000111110001111110001
000000000000111110000111110001
000000000000111110000111100001
000000000000111110001111100001
000000000000111110001111100001
000000000000000000000100100001
000000000000111111111111110000
000000000000111111111111111000
000000000000000000110000000000
000000000000000000000000000000
000000000000000000001000000000
