000000000000000000011000000000
000000000000000000000000000000
000000000000000000000000000000
000000000000000000000000000000
000000000000000000000000100000
000000000000000000000001100000
000000000001100000000011100000
000000000000000000000000000000
000000000000000000000000000000
000000000000000000001101000000
000000000000110000011001100000
000000000000110000011000000000
000000000001011000011000000000
000000000000111100010000000000
100000000000011000110001000000
100111000000000000100001000000
000111100000000000100000000000
111111000111100000111000001000
101000000111111111111001011001
000000000000011111011100111111
000000000000000111111000011010
000000000000000000010110000110
000000000000000110001110001100
000000000000000010000000000010
000000000000000000000000000000
000000000000000000000000000000
000000000000000000000000000000
000000000000000000000000000000
000000000000000000000000000000
000000000001000000000000000000
