000000000110111011110100111111
000000000011010011011000111110
000000000110101010011000111110
000000000000011110010000011100
000000000000111001000000001000
000000000001110110000000001100
000000000001111110000000001100
000000001111111011110010011111
000111111111110001110110000111
001110110011100011110111001001
110110111110011011111111100001
111111111110011101001111000111
010111101111111011000001101111
011111001111111111110001111010
001100111111111001111111110111
000101111111111000110111111111
011000111011111000011111111111
011111111111111000001111111111
011101100111111000011111101111
011110000011111110011111111010
011100010110111111011111110110
001000011010111101011111111011
011011101111111110111111111101
111011001110011111111110111111
110111111000001110111000111111
110111110000011111111000111111
000001110000011111110110011111
000011000000011111111110011111
110111000000000111100100101111
101000100010100111110010111111
