000000000000000000000010000000
000000000000000000000000000000
000000000000000000000000000000
000000000000000000000000000000
000000000000000000000000100000
000000000000000000000000110000
000000000000000000000001001110
000000000000001100000001111111
000000000000001100000000111100
000000000000001100001101111000
000000000000001010111100110000
000000000011011111111101110001
000000000111101111111110110001
000100011101111111101001110000
001110011111011011101100111100
110010011110011011011111101100
111000000000011111001101101100
110010000111111110001101000000
000000001101111110001111000000
000000000000111100001111000000
001000000000011100001110000000
111000000000111100001110000000
000000000000100000000100000000
000000000011100000000110000000
000000010111110000011100000000
000000101100001000000000000000
000001000000000000000000000000
000000000000000000000000000000
000000000000000000000000000000
000100000001000000000000000000
