000000000000000000000000000000
000000000000000000000000000000
000000000000000000000000000000
000000000000000000000000000000
000000000000000000000000000000
000000000000000000000000000000
000000000000000000000000000000
000000000000000000000000000000
000000000000000000000000000000
000000000000000000000001100000
000000000000000000000001100000
000000000000000000001000100000
000000000000011000000000000001
000000000000011000000000000001
000000000000000000000000000001
000000000000001000000000000001
000000000000001100000000011110
000000000000000110110000011111
000000000000000100000000000000
000000000000000000000000000000
000000000000000000000000000110
000000000000000000000000000110
000000000000000000000000000001
000000000000000000000000000000
000000000000000000000000000000
000000000000000000000000000000
000000000000000000000000000000
000000000000000000000000000000
000000000000000000000000000000
000000011100000000000000000000
