000000000000000000000000000000
000000000000000000000000000000
000000000000000000000000000000
000000000000000000000000000000
000000000000000000000000000000
000000000000000000000000000000
000000000000000000000000000000
000000000000001111000001110000
000000000000011111000001111000
000000000000011100000000111000
000000000000001100000000111000
000000000000011100111000111000
000000000000011100111100110000
000000000000001100111101110000
000000000000011001111101110000
000000000000011111111101100000
000000000000111111111111110000
000000000000011111001111000000
000000000000011111001111000000
000000000000011110001111000000
000000000000111100001111000000
000000000000011000000110000000
000000000000000000000000000000
000000000000000000000000000000
000000000000000000000000000000
011000000000000000000000000000
000000000000000000000000000000
000000000000000000000000000000
000000000000000000000000000000
000000000000110000000000000000
