000000000000001100000000000000
000000000000000000000000000000
000000000000000000000000000000
000000000000001000000000000000
000000000000001000000000000000
000000000000000000000000000000
000000000000111000001000000000
000000000000111000001100000000
000000000000111000010100110000
000000000000111100011000010000
000000000000011100111000000000
000000000000001111111000000001
000000000000001111110000000000
000000000000000111110000000000
000000000000000011100000000000
000000000000000011100000110000
000000000000000111100000100000
000000000000001111010001100000
000000000000001111111110000000
000000000000011111111100000000
000000000000011100111100000000
000000000000011000011100000000
000000000000110000011100000000
000000000001110000001110000000
000000000001110000000100000000
000000000011110000000000000000
000000000011111111100000000000
111111111110100111100000001100
111111111111000000000000001100
000000000000000000000000000000
