000000000000000000000000000000
000000000000000000000000000000
000000000000000000000000000000
110000000000000000000000000000
110000000000000000000000000000
000000000000000000000000000000
000000000000000000000000000000
000000000000000000000000000000
000000000000110000000000110000
000000000001111000000001111000
000000000011111100000001111000
000000000000001110000011110000
000000000000001111000111100000
000000000000000111100111000000
000000000001000111111111000000
000000000111100001111110000000
000000001110100000111100000000
001111110010000001111100000000
001111110111000011111110000000
011100010111000011111111000000
111000110000001111000111000000
000000100000001111100111100000
100000000001111111100111110001
100001000001111101000001110001
010001100011111000000000111000
000000000001111000000000010000
000000000000110000000000000000
000000000000000000000000000000
000000000000000000000000000000
000100000000000000000000000000
