000000000000000000000000000000
000000000000000000000000000000
000000000000000000000000000000
000000000000000000000000000000
000000000000000000000000000000
000000000000000000000000000000
000000000001110000001110000000
000000000011111000011111000000
000000000001111000011110000000
000000000000111100111110000000
000000000000111101111100000000
000000000000011101111110000000
000000000000011111110100110011
000000000000001111110000000011
000000000000000111100000000000
000000000000000111100000000000
000000000011001111100000000000
000000001101111111110000000000
100001111110111111111100000000
000011010100011100111000000010
000101011110111100111100000100
000000101110111100011110000000
000000000111111000011110000000
000000000011110000001111000000
000000000011100000001111000000
000000000011100000000110000000
000000000001100000000000000000
000000000000000000000000000000
000000000000000000000000000000
000000000000000000000000000000
