001110101010000000100100101101
110111000000000000111101111010
110010100000000000011101111111
011011111101010010001011010011
111011011111111111001101111111
011111101101111110011111111111
101110100010111100111001110111
111100011111111111010011000010
000000001110111111000110000100
000000001101101111101110000010
000000001100000011101100001110
000000001100111111111100000011
000000001110111001111000000010
000000000101100000111000000011
000000000010100001111100000111
000000000001100001111100000011
000000000001111111001110000000
000000000000001111001111000000
000011000100001110000111100000
000111001000011100000111110000
100011001000011100000011110000
000011000001111110000011111000
000011000001111111000011111000
100001000000001110000000000000
000000000000000000000000000000
000000000000000000000000000000
000000000000000000000000000000
000000000000000000000000000001
000000000000000000000000000001
000000000000000000000000000110
