000000000000110000000000000000
000000000000000000000000000000
000000000000000000000000000000
000000000000000000000000000000
000000000000000000000000000000
000000000000000000000000000000
000000000110000000000000000000
000000000011111100001111000000
000000000001111100001111100000
000000000000111100001111000000
000000000000011100000110000000
000000000000001111101000000000
000000000000000111110000000000
000000000000000011110000000000
000000000000000011100000000000
000000000000000111111000000000
000000000000000110111000000000
000000000000001110011100000000
000000000000011100001111000000
000000000000011100001111000000
000000000001111100011111100000
000000000001111000001111000000
000000000000000000000000000000
000000000000000000000000000000
000000000000000000000000000000
000000000000000000000000000000
000000000000000000000000000000
000000000000000000000000000000
000000000000000000000000000000
000000000000000000000000000010
