000000000000000000000000000000
000000000000000000000000000000
000000000000000000000000000000
000000000000000000000000000000
000000000000000000000000000000
000000000000000000000000000000
000000000000000000000000000000
000000000000000000000000000000
000000000000000000000000000000
000000000001111110000111100000
000000000001111110000111100000
000000000000111100000000000001
000000000000011100001000000000
000000000000001110011100110000
000000000000011110111100111000
000000000000000111110000000000
000000000000000011110000000000
000000000000000011110000000000
000000000000000111111000000000
000000000000000111111000000000
000000000000001100111100000000
000000000000011100011100000000
000000000000111000011110000000
000000000000111000001111000000
000000000001110000001111100000
000000011011111000001111100000
000000011000000000000000000000
000000011000000000000000000000
000000001110110000000000000000
000000000111111000000000000000
