000000000011110001110000000000
000000000001110011110000000000
000000000001110011100000000000
000000000011111111100000000000
000000000110111111100000000000
000000000110111111000000000000
000000000100111111000000000000
000000000000011110000000000000
000000000000011110000000000000
000000000000111110110000000000
000000000000011111110000000000
000000000000011111000000000000
000000000000111111000000000000
000000000000111111100000000000
000000000001111011100000000000
000000000001110011100000000000
000000000001110011110000000000
000001000011110001111100000000
000000000011100000001110000000
000000000000000000001101100000
000000000000000000000100000000
000000000000000000000000000000
000000011000000000000000000000
000000000000000000000000000000
000000000000000000000000000000
000000000000000000000000000000
000000000000000000000000000000
000000110000000000000000000000
000000110000000000000000000000
000000110000000000000000000000
