000000000000000000000000000000
000000000000000000000000000000
000000000000000000000000000000
000000000000000000000000000000
000000000000000000000000000000
000000000000000000000000000000
000000000000000000000000000000
000000000000000111000001110000
000000000000001101100011111000
000000000000000111011011110000
000000000000000011000111000000
000000000000000011100110000000
000000000000000001111100000000
000000000000000001111100000000
000000000000000001111000000000
000100000000000001111000000000
000110000000000001100100000000
000000000000000111000110000000
000000000000001110000111000000
000000000000001100000111000000
000000000000011100001111100000
000000000000011100001111000000
000000000000000000000000000000
000000000000000000000000000000
000000000000000000000000000000
000000000000000000000000000000
000000000000000000000000000000
000000000000000001100000000000
000000000000000000000000000000
000000000000000000010000000000
