000000000000000000000000100000
000000000000000000000000000000
000000000000000000000000000000
000000000000000000000000000000
100000000000000000000000000000
000000000000000000000000000000
000000000000000000000110000000
000000000000000000000010000000
000000000000000000000000000000
000000000000000000000000000000
000000000000000000000000000000
000000000000000000000000000000
000000000000000110000000001000
000000000000000111000000111100
000000000000000011100001111000
000000000000000011100011100000
000000000000000001110011000000
000000000000000001110111000000
000000000000000001111110000000
000000000000000000111110000000
000000000000000000111100000000
000000000000000000111100000000
000000000000000000011100000000
000000000000000000101110000000
000000000000000001101110000000
000000000000000001101110000011
000000000000000011111111011111
000000000000000110110111111110
000000000000011110000011111100
000000000001111100001011111000
