000000000000000000000000000000
000000000000000000000000000000
000000000000000000000000000110
000000000000000000000000000110
000000000000000000000000000000
000000000000000000000000000000
000000000000000000000000000000
000000000000000000000000000000
000000000000000000000000000000
000000000000000000000011000000
000000000000000000000011000000
000000000000000000000000000000
000000000000000000000000000000
000000000000000000000000000000
000000000000000000000000000000
000000000000000000000000000000
000000000000000000000000000000
000000000000000000000000000000
000000010000000000000000000000
000000000001100000000000000000
000000000001100000000000000000
000000000000000000000000000000
000000000000000000000000000000
000000000000110000000000000000
000000000000110000000000000000
000000000000000000000000000000
000000000000000000000000000000
000000000000000000000000000000
000000000000000000000000000000
001100000000000000000000000000
