100000000000010000000000000000
000000000000000000000000000000
000000000000000000000000000000
000000000110000000000000000000
010000000110000000000000000000
111111100010000100000000000000
101111100111101000000000000000
000000000011111000000000000000
000000000011110000000000111000
000000000001111000000000111101
000000000000111110001101111001
000000000000011111001111110000
000000000011111111101111100000
000000000001100111111111100010
000000000000000111111111100110
000000000000000011111110000101
000000000000000000111100000000
000000000000000001111100000000
000000000000000111111110001000
000000000000000111111111011000
000000000000000111110111100100
000000000000001111001111111110
000000000000111111000011110000
000000000000111100000001111000
000000000000111000000001111000
000000000000110000000000111000
000000000000000000000000000000
000000000000010000000000000000
000000000000000000000000000000
000000000000000000000000000000
