000000000000000000000000000000
000000000000000000000000000000
000000000000000000000000000000
000000000000000000000000000000
000000000000000000000000000000
000000000000000000000000000000
000000000000000000001110111000
000000000000000000001100111000
000000000000000000000000000000
000000000000000001000000000110
000000000000000011000000001111
000000000000000011000000001111
100000000000000010000000001110
000000000000000000000000011100
000000000000000010000000001100
000000000000000110000000000000
000000000000000100000000000000
000000000000000000000000110000
000000000000000000000001100000
000000000000000000000001100000
000000000000000000000001100000
000000000000000000000001110000
000000000000000000000001110000
000000000001000000000001100000
000000000001100010000000000000
000000000000011100000000000000
000000000000001000000000000000
000000000000000000000000000000
000000000000000000000000000000
000001000000001000000010000000
