000000000000000000011100000000
000000000000000000000000000000
000000000000000000000000000000
000000000000000000000000000000
000000000000000000000000000000
000000000000000000000000000000
000000000000000000011010000000
000000000000011100011110000000
000000000000011100000110000000
000000000000011100000000000000
000000000000001100000000000000
000000000000000000000000000000
000000000000000000000000000000
000000001100000011000000000000
000000000100000001100000000000
000000000000000000000000000000
000000000000000000000000000000
000000000000000000000000000000
000000000000000000000000000000
000000000000000000000000000000
000000000000010000000110000000
000000000000010000000010000000
000000000000000000000000000000
000000000000000000000000000000
000000000000000000000000000000
000000000000000000000000000000
000000000000000000000000000000
000000000000000000000000000000
000000000000000000000000000000
000000000000000000000000000000
