000000000000000000000000000000
000000000000000000000000000000
000000000000000000000000000000
000000000000000000000000000000
000000000000000000000000000000
000000000000000000000000000000
000000000001111000001111100000
000000000001111110011111110010
000000000011111110001111100000
000000000001111110011111100000
000000000000111110111111000000
000000000000011111111110000000
000000000000011111111100000011
000000000000001111111100000011
000000000000001111111000000011
000000000000000111111000000000
010000000000001111111011100000
101000000000001111111111000000
010101100000011111111110000000
000010111100111110111110000000
000001110011111010111111000000
000000000001111101111111100000
000000000011111000011111110000
000000000011111000000111110000
000000000111110000000011100000
000000000110000000000000000000
000000000000000000000000000000
000000000000000000000000000000
000000000000000000000000000000
000000100000000000000000000000
