000000000000000000000000000000
000000000000000000000000000000
000000000000000000000000000000
000000000000000000000000000000
000000000000000000000000000000
000000000000000000000000000000
000000000000000000000000000000
000000000000000000000000000000
000000000000000000000001100000
000000000000000000000000000000
000000000000000000000000000000
000000000000100000000000000000
000000000001110000001000000000
000000000000111000011100000000
000000000000001000011110000000
000000000000001111111100000000
000000000000001111100000000000
000000000000001111000000000000
000000000000001111000000000000
000000000000001111000000000000
000000000000011111000000000000
000000000000011111100000000000
000000000000110001100000000000
000000000001110001100000000000
000000000000100000000000000000
000000000000000000000000000000
000000000000000000000000000000
000000000000000000000000000000
000010000000000010000000000000
000100000000000011000000000000
