000000000000000000000000000001
000000000000000000000000000000
000000000000000000000000000000
000000000000000000000000000000
000000000000000000000000000000
000000000000000000000000000100
000000000000000000000000000000
000000000000000000000000000000
100000000000000000000010000000
001000000000000000000100000000
000010000001111100011111100000
000000111011111110011111110000
000000111110111110111110100000
000000000111111111111110000000
000000000000011111111011100000
000000000000000111111111100000
110000000000000111111010000000
110000000000111111111111000000
000000000000011111111110000000
111100000000111110111111100000
011011100111111110011111110000
000001100111111110011111110000
000000000000001100000001111000
000000000000000000000000000100
000000000000000000000000000000
000000000000000000110000000000
000000000000000001100000000000
000000000000000000000000000000
000000000000000000000000000000
000000000000000001000000000000
