000000000000000000101000000000
000000000000000000000000000000
000000000000000000000000000000
000000000000000000000000000000
000000000000000000000000000000
010000000000000000000000000000
111000000110000000000000000000
010000000110100000000000000000
000000000001110000000000000000
000000000000100000000000000000
000000000000000000000000000110
000000000000000000000000000101
000000000000000000000000000000
000000000001100000000000000000
000000000001111000011100000000
000000000000111100111110000000
000000000000111111111100000000
000000000000111111111000000000
000000000000011111111000000000
000000000000001111111000000000
000000000000001111111100000000
000000000000011111111100000000
000000000000011111111110000000
000000000000011100111111000000
000000000000111000000111100000
000000000000111000000011110000
000000000000101000000000000000
000000000000010000000000000000
000000000000010000000000000000
000001001000010000000000000000
