000000000000000000000000000000
000000000000000000000000000000
000000000000000000000000000000
000000000000000000000000000000
000000000000000000000000000000
000000000000000000000000000000
000000000000000000000000000000
000000000000110000000000000000
100000000000111000011000000000
110000000001111111111000000000
111111000011111110110000000000
000111000011011101000000000000
000000000000001111100000000000
000000000000011110010000000000
000000000000111110001000000000
000000000001110110010000000000
000000000001100110110000000000
000000000000000011100000000000
000000000000000000000000000000
000000000000000000000000000000
000000000000000000000000000000
000000000000000000000000000000
000000000000000000000000000000
000000000000000000000000000000
000000000000000000000000000000
100000000000000000000000000000
110000000000000000000000000000
110000010000000000000000000000
000000000010000000000000000000
000000000111000000100000000000
