000000000111001100000000000000
000000000111001100000000000000
000000000110000100000000000000
000011000100011000000000000000
000011000000111000000000000000
000011000100011000000000000000
000000000100010000000000000000
000000000000110000000000000000
000000000001100000000000000000
000000000100000000000000000000
100000001110100000000000000000
110000000101110000011000000000
110000000001111000011000000000
100000000000001000000000000000
100000000000011100000000000000
000000000000010110000000000000
000000000010001111001110000000
000000000000011111111111000000
000000000000011001111111100001
000000000000000000111101000000
000000000000110000111000000000
000000000000110000011000000000
000000000001111000111000000000
000000000000110001100000000011
000000000000010000000000000011
000000000000000000000000000001
000000000000010000000010000000
000000000000110000000001000000
000000000000000000000011000000
000000000000000001101011000000
