000101010100010100001100111101
001110000110011000000000010000
011111110111111000000100011000
100111111111111101011110101001
011111101110111001111111011111
001111110001100110000000001011
000001100111110111000000011101
000000000111101111000000011000
100000011001110111000000011000
111011111000111110000000001100
011111101001111111100000111101
001010011100011101110101111111
000100011000111111001011111111
011100000000111111111111100110
011001100011111110011111110101
000001100011111111000000111000
100000000011110111000000000000
110000000011110111100000000000
110000000011111111100000000000
000000000001100011100000000000
000000000000000001100000000000
110000000000110001111000000000
110000000100100000111100000000
100000011100000000110100000000
000000001100000000111001100000
000000011110000000010001110000
000000001100000000000001110000
000000000000000000000000000000
000000000000000000000000000000
000000001000000000000000100000
