000000000000000000000000000000
000000000000000000000000000000
001000000000000000000000000000
000000000000000000000000000000
000000000000000000000000000000
000000000000000000000000000000
000000000000000000000000000000
000000000000000000000000000000
000000000000000000000000000000
000000000000000000000000000000
000000000000000000000000000000
000000000000000000000000000000
000000000000000000000000000000
000000000001100000000000000000
000000000001111000011100000000
000000000001111100111110000000
000000000000111111111100000000
000001100000011111111000000000
000001100000111111010111110000
000000100001001001111111110000
000000000000000111111000001000
000000000000000111111100000000
000000000000001110111110000000
000000000000011000011111000000
000000000000011000000111100000
000000000000111000000011110000
000000000000010000000000100000
000000011000000000000000000000
000000000000000000000000000000
000000000000000000000000000000
