001001000000000000010000001000
000000011000000000000000000000
000000111000000000000000000000
000000000000000000000000000000
000000101000000000000000000000
000001010000000000010000000000
100000000000000000000000000000
100000000000000000000000000010
100000001110000000000000110010
010000001101111100011110111110
111111111101111111111110000110
001101011111111101111110000010
111000101110111111111111100010
010001011011011111111100111111
110001111100111111110000101100
100000011000111111111000001100
000000000000001111111000000100
000000000000111111111000001101
000000000001011111111000001110
000000000011111111111110001111
000000000001111100111111011111
100000000001111000111110001111
100000000001110000011110000000
000000000000000000000000000000
000000000000000000000000000000
000000000000000000000000000110
000000000000000000000000000110
000000000000000000000000000110
000000000000000110000000000111
000000000000000110000000000111
