000000000000110000000000000000
000000000000000000000000000000
000000000000000000000000000000
000000000000000000000000000000
000000000000000000000000000000
000000000000000000000000000000
000000000000000000000000001100
000000000000000000000000000000
000000000000000000000000000000
000000000000000000000000000000
000000000000000000000000000000
000000000000000001110000000000
000000000000000001110000000000
000000000000000000110000000000
000000000000110000100000000000
000000000000111111100000011000
000000000000011101100000100000
000000000000000011100000000000
000000000000000011000000000000
000000011000000001100000000000
000000011000000011100000000000
000000000000110110100000000000
000000000000110001100000000000
000000000001110001110000000000
000000000001110000110000000000
000000000001110000110000000000
000000000000000000010000000000
000000000000000000000000000000
000000000000000000000000000000
000000000000000000000000000000
