000000000000000000000000000000
000000000000000000000000000000
000000000000000000000000000000
000000000000000000000000000000
000000000000000000000000000000
000000000000000000000000000000
000000000000000000000000000000
000000000000000000000000000000
000000000000000000000000000000
000000000000000000000000000000
000000000000000000000000000000
000000000000000000000000000000
000000000000000000000000000000
000000000001100000000000000000
000000000001111100000110000000
000000000000111100111110000000
000000000000111111111100000000
000000000000011111111000000001
000000000000001111111000000000
000000000000001111111000000000
000000000000000111111000000000
000000000000000110011100000000
000000000000001100011110000000
000000000000011000001111000000
000000000000011100000111100000
000000000000011100000011110000
000000000000001000000000000000
000000000000000000000000000000
000000000000000000000000000000
000000000000000000000000000000
