000000000000000000000000000000
000000000000000000000000000000
000000000000000000000000000000
000000000000000000000000000000
000000000000000000000000000100
000000000000000000000000000100
000000000000000000000000000000
000000000000000000000000001111
000000000000000000000111001111
000000000000011100000111000000
000000011000011100000000000000
000000001100000000000000000000
000000000000110000000110000000
000000000001111000001110000000
000000000000111100011110000000
000000000000011110111100000000
000000000000011111111000000000
000000000000001111110000000000
000000000000000111110000000000
000000000000001111110000000000
001100000000001111111000000000
001100000000011110111100000000
001000000000011100011100000000
000000000000111000011110000000
000000000001110000001110000000
000000000000110000000110000000
000000000000000000000000000000
000000001000000000000000000000
000000001100000000000000000000
000001001010000000100010110000
