110001000000000000000000000000
000000000000000000000000000000
000000000000000000000000000000
111000000000000000000000000000
011000000000000000000000110000
000000000000000000000001110000
000000000000000000000001100000
000000000000000000000000000000
000000000000000000000000000000
000000000000000000000000000000
000000000000000000000000000000
001110000000000000000000000000
001100000000000000000000000000
001000000000000000000000000000
011100010000000000000000001100
011110100000000000000000011111
000000000000000011000000110001
000000000000000011001000100001
011000000000000000000001000000
011000000000000000000001000000
000000000000000000000000000000
000000000000000000010000000000
000000000000000000000000000000
000000000000000000000000000000
000000000000000000000000000000
000000000000000001000000000000
000000000000000001000000000000
000000000000000010001000000000
000000000000000000001000000000
000000000000000000001000000000
