000000000111111101111110001110
000000000010111100110011000000
000000000111111111100111100000
000000000110011110100101000100
000000000011111101111011000000
000000000111110111111101100000
000000001101111001011101110000
000000000111111110011111111000
000000000011111111111111111100
000000000011111111111111111111
000000000110111111111111110111
000000001011011111011111111110
000000000111111111111111101111
000000001011111111111101111111
000000001101101111111111111100
000000001111111111111111111111
111111111110111111111111111111
111111111111111111111111111111
011111110010111111111111101111
111111101111111111101111111111
111011111111111111111111111001
111111111111111111111111011111
111111101111111111101110111110
111111110001111011001110111111
000000000000000001110110111111
000000000000000011110111111111
000000000000000011111101011111
000000000000000001111101111111
000000000000000000111111111111
000000000000000011111111111111
