000000000000000000000000000000
000000000000000000000000000000
000000000000000000000000000000
000000000000000000000000000000
000000000000000000000000000000
000000000001100000000010000000
000000000011110000000111000000
000000000001110000000110000000
000000000000110000001110000000
000000000000011000001110000000
000000000000011111011100000000
000000000000001110110000000000
000000000000001110110000000000
000000000000000111110000000000
000000000000000111100000000000
000000000000000011000000000000
000000000000000011000011100000
000000000000000111100011000000
000001100000000011000000000000
000001100000000011000000000000
000000000000000011000000000000
000000000000000011000000000000
000000000000000000000000000000
000000000000000000000000000000
000000000000000000000000000000
000000000000000000000000000000
000000000000000000000000000000
000000000000000000000000000000
000000000000000000000000000000
000000000000000000000000000010
