000000000000000000000000000000
000000000000000000000000000000
000000000000000000000000000000
000000000000000000000000000000
000000000000000000000000000000
000000000000000000000000000000
001000000011110000110000000111
111100000111111001111100000111
111011000011111001111100100000
101111101001111001111100000000
000000111111111111111000000000
000001110011111111111000000000
000000100001111111111011000000
000100000000111111111111000000
000011000000111111111110011000
101011000000111111110110011100
111110000000011111110000001110
000111111001111111100000000100
000001111111111111100001100000
000000011011111111100011100100
000000110001011111110101011001
000000110000011111101001110100
000000101100001111100000111011
000000011000011111100000000000
000000010000011111100000000000
000000000000011111100000000000
000001100000001111100000000000
000001100000000000000000000000
000001000000000000000000000000
000011110000000000000000000010
