000100001101000111000010000000
000000000111000011000000000000
000000000011110011001100000000
000000000100011010011100000000
000000001110001111011010000000
001100000111100111111010000000
001100000011110000011110110001
000000000011111000000011110011
000000000001111111000000010011
000010000000111111100000000111
000000000000001111000000001111
000000000000000111100000001111
000000000000000011110000001111
000001100000000001111100001100
000001100000000000011110011100
000000100000000000001111011000
000000000000000000000111111001
000000000000000000000111110001
000000000000000000000001110000
000000000000000000000001110000
000000000000000000100011110000
000000000000000001100011100000
000000000000000001100001000000
000000000000000001100000000000
000000000000000001000000000000
000000000000000001000000000000
000000000000000001000000000000
000000000000000000000000000000
000000000000000000011000000000
000000000000000011011100000000
