000000000000000000000000000000
000000000000000000000000000000
000000000000000000000000000000
000000000100000000000000000000
000000000000000000000000000000
000000000000000000000000000000
000000000000000000000000000111
000000000000000000001110000111
000000000111100011111111000010
000000001111110011111111000000
000000000111111010111110000000
111100001000110001111100000000
110100000111011011110100000000
101100000010011111110000000000
000000000000001111100000000000
000000000000000111000000000001
000000000000000011000000000001
000000000000000011000000000000
000000000000000011100000000000
000000000000000011100000000000
000000000000000011000000000000
000000000000000111000000000000
000000000000001110000000000000
000000000000001100000000000000
000000000000011100000000000000
000000000000000000000000000000
000000000000000000000000000000
000000000000000000000000000000
000000110000000000000000000000
000000100000000000000000000000
