010000000000000000111010010100
000000000000000000111111000010
000000000000000000011011100111
110000000000000000001110001111
110000000000000000011100110001
110000000000000000011101111110
000000000000000000111111110111
000000000000000000110111110110
000000000001000010101100011001
000000000011100111111100010001
001101000011111100111011100011
011011101101111111111010110001
011111000001111111110111110000
001010100000111111101111100000
000101110001111111000100111111
000110110011011111111111111111
001011111111111111111111010111
111111111111000111110110111010
111011111010000111001101111111
001110111011111111111111111111
011111111101101111111101111111
001111011010110111101111110010
001111011100101111001010000000
001110000100110001100000000000
001000000111100011000000000000
001100000011000011000000000000
001111000010000111000000000000
001110000111111111000000000000
000100001101111110000000000000
100000000111101011000000000000
