000000110000000000000000000000
000000000000000000000000000000
000000000000000000000000000000
000000000000000000000000000000
000000000000100000000000010000
000000000001110000000000000000
000000000000111000000000110000
000000000000011000000001110000
000000000111111110000011110000
011000000111100110000011100000
011100000000000011000111100000
010010000000000011000111000000
001111000000000011011110000000
001100001100000001111000000000
000000001100110000110000000000
000000000000000000110000010000
000000000000000000110000000000
000000000000000000110000000000
000000110000000000110000000000
000000000000000000110000000000
000000000000000000110000000000
000000000000000000110000000000
000000000000000000110000000000
000000000000000000000000000000
000000000000000000000000000000
000000000000000000000000000000
000000000000000000000000000000
000000000000000000000000000000
000000000000000000000110000000
000000000000000000000100000000
