000000100000011000000000000000
000000000000000000000000000000
000000000000000000000000000000
000000000000000000000000000000
000000000000000000000000000000
000000000001100000000000000000
000001100011110000000000000000
000001100011111000000000000001
000001000110111011110000001111
011011101111111111110000001111
011000000100001111000000000011
000000000000000011100000000111
000000000000000001110000000110
000000000000000000111000001100
000000000000000100011110011100
000000000000000000001111111000
000000000000000000000111110000
000000000000000000000011110000
000000000000000000000001110000
000000000000000000000001100000
000000000000000000000001100000
000000000000000000000000000000
000000000000000000000000000000
000000000000000000000000000000
000000000000000000000000000000
000000000000000000000000000000
000000000000000000000000000000
000000000000011000000000000000
000000000000011000000000000000
000000000000011000000000000000
