000000000000000000000000000000
000000000000000000000000000000
000000000000000000000000000000
000000000000000000000000000000
000000000000000000000000000000
000000000000000000000000000000
000000000000000000000000000000
000000000000000000000000000000
000000000000000000000000000000
000000000000000000000000000000
000000000000000000000000000000
000000001110011100000000011111
000000000110011100000000011111
000000000000111110000000111100
000000000000010111000001110000
000000000000000111100111000000
000000000001111111111111111100
011000000001101111111111111100
011000000000000001111100000000
000000000000000001111000000000
000000000000000001111000000000
000000000000000000111000000000
000000000000000000110000000000
000000000000000000110000000000
000000000000000001110000000000
000000000000000001110000000000
000000000000011001100000000000
000000000000011011000000000000
000000000000011111110000000000
000000000000011111110000000000
