000010000001010010111100000000
000000000000001111111000000000
000000000000001110111000000000
000000000000001101110100000000
000000000000000111111100000000
000101000011111111011100000000
101111001111111101101000000001
000001110111111111110000000011
000000110010111100111001111111
011111111111111111111001111111
011111011110111111111000011111
000000011000110111101110001111
000000001100111101110110001111
110000011011000100111110011111
011000011110001001111111111111
000000110000001001101111011000
000001110000000011111111111110
100001110111000111011011110011
011011000110101100111001110011
111110000011110111001111110001
110111010001101001111111100001
001101111001000111110111100100
101111101000000111100011101100
110111111110000110100000100100
001000111110000001011011111111
000000111110001111111111101011
010010011111111100110010111111
111111111101010010111100011110
110110011111111111011010010110
110110010110110010111110101010
