000000000000000000000000000000
000000000000000000000000000000
000000000000000000000000000000
000000000000000000000000000000
111000000000000000000000000000
111000000000000000000000000000
000000000000000000000000000000
000000000000100000000000000000
000000000000000000000000000000
000000000000010000000000000000
000000000000000000011000000000
000000000000001000011000001100
000000000000011111111000000000
000000000000111110110000000000
000011100000000011100000000000
000011100000000011000000001000
000000111000000011000000000000
000000111000000011000000000000
000000010000000111000000000000
000000000000000001100000000000
000000000000000011000000100000
000000000000000011000000000000
000000000000000000000000000000
000000000000000000000000000000
000000000000000000000000000000
000000000000000000000000000000
000000000000000000000000000000
000000000000000000000000000000
000000000000000000000000000000
000000000000000000000000000000
