000000000000000000000000111100
000000000000000000000000000000
000000000000000000000000000000
000000000000000000000000000000
000000000000000000000000011100
000000000000000000000000111100
000000000000000000000000111000
000000000000000000000000000000
000000000000000000000000000000
000000000000000000000000000000
000000000000011000000001110000
000000000000011100000011110000
000000000000011100000111100000
000000000000011100001111000000
000000000000011100001111000000
000000000000011100001110000000
000000000000011100011100000000
000000000000001100111110000000
000000000000001100111101000000
000001100000001111011110000000
000001100000001111100000000000
000000100000000111110000000000
000000000001000111100000000000
000000000000000111100000000000
000000000000000111100000000000
000000000000000111100000000000
000000000001001111000000000000
000000000011111100000000000000
000000000001111000000000000000
000000000000000000000000000000
