000001000000001110000010000000
000000000001111000000000000000
000000000111110000000000100001
000000001111100000000000000011
000100110000000000000001000011
011110000000000000000000000011
111010000000000000000001100000
100001000000000000000000110000
000110100000000000000001111000
000111100000000000000001101100
000110000000000000000000111100
000100000000000000000001101100
011100000000000000000011110100
011000000000000000000011000000
011000000000000000000000000000
000000000000000000000000000000
100000000000011111111000000000
100000000001011110111000000000
000000000111111111111100000000
000000000111110011111111101110
000000000011111011100111000110
000000010011101111000110000000
000000001111101111000000000000
000000000110011111100000000000
000000000111111111000000000000
010000000011011100000000000000
011000000001111100000000000000
011100000000110000000000000000
111000000011110000000000000000
111010100011110000000000000000
