000000010010111000000000000000
001011111110111000000000000000
110101111011101100000000000000
011111011111111100000000000000
111001111001001000000000000000
011101010110000000000000000000
001000101100000000000000000000
011100011101000000000000000000
011110000111000000000000001111
000000001110100000000000011111
000000001111000000000000001110
000000001110001000000000011000
000000001000010100000010011000
000001001100001110000001101011
100011011100000011011011110111
000001001000000001101111110110
000111000111111111101111011100
011110100111111111001111111110
011111111111111011001111100101
111100111111111000111111110100
001101100111111101111111011110
111111000111111111111111101110
111011000011111111111101110111
010000000101111111111100001110
000000000111111111111111110000
000000001111111111111011110000
000001110111101111110011110000
000001101110111111111000000000
000111000001110111101000000000
101110000011011111110001000000
