110000000000000000000000000000
000000000000000000000000000000
000000000000000000000000000000
000000000000000000000000000000
000000000000000000000000000000
000000000000000000000000000000
000000000000000000000000000000
000000000000000000000000000000
000000000000000000000000000000
000000000000000000000000000000
000000000000000000000000000000
000000000000000000000000000000
000000000000000000000000000000
000000000000000001000000000000
000001000000000001100000000001
000000000000000001000000001110
000000000011110000000111000000
000000000111110011001111000000
000000001001111111001111100000
000001110011111101011111000000
000011101001111110111110000000
000001110001111111111110000000
000000000000111111111110000000
000000000000011111111100000001
000000000000011111111100000001
000000000000001111111000000000
000000000000001111110000000000
000000000000000111110000000000
000011000000000111100000000000
000011000000001111110000000000
