000010110000011011000000000000
000001100000011111000000000000
000001000010101110000000000000
000110001111111010000000000000
000000001111101000000000000000
000000000001110000000000000000
000011100000000000000000000000
000011000101001100000000000000
111111011011111111111111111110
111111110000111111110111011101
110111111011111010100000111110
111101010111110111000000001000
110111100110000111000000001100
001110111110000101100000000010
000001010011001111111000000001
000000000000000011111100000010
000000000001100011011111110110
100000000011100000011111111111
000000000011110010011111110011
100000000001110111001111100010
100000000001111101101111110100
000000000010011111011111101010
000000000001111111011100111111
000000000001111110111100010111
000000000000011111111000000000
000011000000001111111000000000
000111111100000111111000000000
001010111100000011110000000000
011111000100000111110000000000
011111111100000111100010000000
