000011011010100000000000000000
000001010000000000000000000000
000000100000000000000000000000
000001100000000000000000000000
000001100000000000000000000000
000011000000000000000000000000
000010010000000000000000000000
000000000000000000000000000000
000000000000000000000000000000
000000000000000000000000000000
000000000000000000000000000000
100000000001110000000110000001
100000000011111000001110000011
010000000011111000001110000001
111000000011111000011110000000
000100000011111000001110000000
000000000000111111111110000000
000000000000111111011111111100
000000000001011101111100101110
010000000001111111111000000100
000000000000001111111001000010
000000000000001111111000000000
010000000000001111110000000000
100000000000000111110000000000
000000000000000111100000000000
000000000000001111100000000000
000000000000011111100000000000
000000000011111111000000000000
000000000011111111000000000000
100000000011111110010000000010
