000000000100000000000000000000
000000000000000000000000000000
000000000000000000000000000000
000000000000000000000000000000
000000000000000000000000000000
100000000000000000000000000000
111100000000000000000000000000
011100000000000001000000000000
110110000000000000000000000000
100110000000000000000000000000
000010000000000000000000000000
000110000000000000000000000000
000111000000000000000000000000
000111000000000000000000000000
000110000000000000000000000000
000000000000000000000000000000
000000000000001000010000000000
000000000000011000111000000011
000000000000110000110000000011
000000000000110001110000000000
000000000001100011100000000000
000000000011100111000000000000
000000000011000111000000000000
000000000010000111000000000000
000000000000001110000000000000
000000000000011100000000000000
000000000000011000000000000000
000000000011110000000000000000
000000000011100000000000000000
010000000011000000000000000000
