000000000000000000100000000000
000000000000000000000000000000
000000000000000000000000000000
000000000000000000010000000000
000000000000000000000000000000
000000000000000000000000011000
000000000000000000000000011000
000000000000000000000000000000
000000000000000000000000000000
000000000001100000000000000000
000000000001111111110000000000
000000000000111101110000000011
000000000000000000110000000011
000000000000000001100000000011
000000000000000001000000000000
000000000000000000000000000000
000000000000000000000000000000
000000000000000000000000000000
000000000000010000000000000000
000000000000110000000000000000
000000000000110000000000000000
000000000001111111000000000000
000000000000111111000000000001
000000000000000000000000000000
000000000000000000000000000000
000000000000000000000011000000
000000000000000000000011000000
000000000000000000000011000000
000000000000000000000000000000
000000000000000000000000000000
