000000000000000001000000000000
000000000000000000100000000000
000000000000000000000000000000
000000000000000000000000000000
000000000000000000000000110000
000000000000000000000001110000
000000000000000000000110000000
000000000000000000000110000000
000000000000000000001110000000
000011000000000000111000000000
000011000000000000111000000000
000000000000000000000010000000
000010000001111111111110000000
000011110011111111110100000000
000100110001111111111000000000
000000000000000111110000000000
000000000000001111100000000000
000000000000001111000000000000
000000000000011110000000000000
000000000000111110000000000000
000000000001111100000000000000
000000000001111100000100000000
000000000011111111111000000000
000000000011111111111000000000
000000000011111111110000001000
000000010000011000100000011111
000000111000011100110011111011
000000110000001100111101101000
000000001001111111000110010000
000000010111110111010110111100
