000000000000000010000000000000
000000000000000000000000000000
000000000000000000000000000000
000000000000000000000000000000
000000000000000000000000000000
000000000000000000000000000000
000000000000000000000000000000
000000000000000000000000001100
000000000000000000000000001000
000000000000000000000000000000
000000000001000000000000000000
000000000001111111100111100000
000000000000111111101111110000
000000000000011111001111100000
000000000000000000001111100000
000000000000000000011111100000
000000000000000000111111000000
000000000000000000111110000000
000000000000000001111100000000
000000000000000011111000000000
000000000000000111110000000000
000000000000001111110000000000
000000000000001111100000000000
000000000000011111000000000000
000000000000111111000000000000
000000010000111111111111100000
000000000000011111111111100000
000000000000000000000000000000
000000000000000000000000000000
000000000000001000000000000000
