000000000000000000000010000100
000000000000000000000100000000
000000000000000000000110000000
000011101000000000000011000000
000011111100000000000011000001
000000111110000000000111100101
000000000000000000000101011111
000000000000000000011011100011
000010000000000000111111000000
000101000000010000000110000000
100010000000011100000000000000
000011000010111100000000000000
010011100100010000000000000000
111001111000000000000000000000
010000111000000000000000000000
000000000000000000000000000000
000000000000000000000000000000
000000000000000000000000000000
000000000000011111110000000000
000000000010111111111000000000
000000000011111011110000000000
000000000011111001100000000000
000000000001110000000000000000
000000000000011100000000000000
000000000001001100000000000000
000000000000001000000000000000
000000000000011110000000000000
000000011111111111111000111000
000000111011111111111000011000
001000100011111111110100000010
