000000001001000000000000000100
000000001100000000000000011000
000000011101111000000000011000
111111111111110000000000000000
111101100001100000000000000000
000000111000110000000000000000
000000011100110000000000000011
000000000000000000000000000000
000000000000000000000000000110
111100000000000010000000001110
110100000001111111111111001100
000000100011111111111110001100
001001100110010000111100010000
011100110000000000111100100000
111110010000000001111000000000
001110000000000011110000000000
001111000000000111100000000000
000110110000000111100000000000
000001111000001110000000000000
000001101000011100000000000000
000110111111111000000000000000
001111110011110000000000000000
000100111111111111111110000011
000000111111111111111110000111
010000000000000000000000001111
111000000000000000000000001011
110000000000000000000000000000
100011100000000000000000000000
110111111000000000001000000000
001011011111111100110100000011
