000000000000000000000000000000
000000000000000000000000000000
000000001000000000000000000000
000000011000000000000000000000
000000110000000000000000000000
001101110000000000000000000000
001110010000000000000000000000
000110000000000000000000000000
011000000000000000000000000000
111000000000000000001000000000
000000010000000000000000000000
000000000000000010010000000000
000000000111111111111110000000
000000000011111111111111000000
000000000000000000111111000000
000000000000000001110000000000
000000000000000011110000000000
000000000000011111100000000000
000000000100011111000000000000
000000000010011110000010000000
000000000101111110000111000000
000000000111111111111111000000
000000000011111111111110000000
000000000011100001100000000000
000000000000000000000000000000
000000000000000000000000000000
000000000000000000000000000000
000000000000000000000000000000
000000000000000000000000000000
000000000000000000000000000000
