000000000000000000000000000000
000000000000000000000000000000
000000000000000000000000000000
000000000000000000000000000000
000000000000000000000000000000
000000000000000000000000000000
000000000000000000000000000000
000000000000000000000000000000
000000000000000000000000000000
000000000000000000000000000000
000000000010000000000000000000
000000000000000000000000000000
000000000001111111111000000000
000000000001111111111000000000
000000000011111111111000000000
000000000010000001110001000000
000000000000000011100001000000
000000000000000111000000000000
000000000000001111000000000000
000000000000011110000000000000
000000000001111111000000000000
100001000001111010000000000000
100010000001111111110000000000
000100000011111111111000000000
000000000011111111111000000000
000000000000000000000000000000
000000000000000000000000000000
000000000000000000000000000000
000000000000000000000000000000
000000000000000000000000000000
