000110000000000000001000000000
000010000000000000000000000000
000000001000000000000000000000
000000000000000000000000000000
000000010000000000000000000000
000000110000000000000000000000
000000000000000000000000000000
000000000000000000000000000000
000000000000000000011100000000
000000000000000000111110000000
000000000000000001001100000000
000000000000001110001000000000
000000000001111110001000000000
000000000001100110000000000000
000000000000001110100000000000
000000000001111111000000000000
000000000000111000000000000000
000000000000111000000000000000
000000000001110000000000000000
000000000000110110000000000000
000000000000000000000000000000
000000000000000000000000000000
000000001100000000000000000000
000000001100000000000000000000
000000000000000000000000000000
000000000000000000000000000000
000000000000000010000000000000
000000000000000011000000000000
000000000000000011000000000000
000000000011000010000000000000
