000000000000000000000000000000
000000000000000000000000000000
000000000000000000000000000000
000000000000011000000000000000
000000000000010000000000000000
000000000000000000000000000000
000000000000000000000000000000
000000000000000000000000000000
000000000000000000000000000000
000000000000000000000000000000
000000000000110000000000000000
000000000000110000000000000000
000000000000000000000000000000
000000000000000000000000000001
000000000000000000000000000011
000000000000000000000000000000
000000000000000000000000000000
000000000000010000000110000000
000000000000010000000000000000
000000000000010000000000000000
000000000000000000000000000000
000000000000000010110000000000
000000000000000011110000000000
000000000000000000000000000000
000000000000000000000000000000
000000000000000000000000000000
000000000000011110000000000000
000000000000011110000000000000
000000000000000000000000000000
100000000000000000000000000000
