000110110111101101000010000000
000110100000001100000000000000
000001100000000000111000000000
000000000010000000111000000000
000000000111000000000000000000
000111100010100000000000000000
000111010110111000000011000000
000100100110010000000111000000
011111100000011000000110000000
111000000000111000000110000000
111000000000111000000110000000
011000000000010000000110000000
000001100000010000001110000000
000011000000000000011110000000
000000000000000000001110000000
000000000000010000000000000000
000000000000000011100000000000
000000000000000111100000000000
000000000000011111110000000000
000000000011111111111000000000
000000000111110111110000000000
000000001110100101100000000000
000000011001000011000000000000
000000000000000010000000000001
000000000000001100000000000000
011000000000011100000000000000
110000000000111000000000000000
000000000001111001110000000000
000000000001111111111000000000
000000000011111111111101000000
