110000000000000000000000000111
110000000000000000000000000000
110000000000000000000000010001
111000000000000000000000011011
101100000000000000000000011011
111100000000111100000000000011
111110000000111100000000000001
011100000000000000000011111110
000000000000000000000011011100
000000000000001111111011100000
000000000000011111111111100000
000000000000111111111111000000
000000000000110000011110000000
110000000000111000111111000000
110000000000110011111110000000
110000000000000011111110001100
000000000000000111111110011100
000000000000011111101110011100
000000000000011111001110011100
010100110001111111111100010000
111111101111111111101001011000
111111111111111111111111111000
011110110011111111111111110111
110011111111111111111111111111
110111110110011000100000011100
000010111100001100000000001000
000001111010011110000000000000
100010111111011111000000000000
000011111110001011000000000000
000001111100101111100000000000
