000000000000000000010000000000
000000000000000000000000000000
000000000000000000000000000000
000000000000000000000000000000
000000000000000000000000000000
000000000000000000000000000000
000000000001111111111111100000
000000000011111111111111110000
000000000001111111111111110000
110000000000000000001111110000
000000000000000000011111100000
000000000000000000110111000000
000000000000000001111110000000
000000000000000001111100000000
000000000000000011111000000000
000000000000000111110000000000
000000000000000111111000000000
000000000000101111110011100000
000000000000111111000011110000
000000000000111111100000001000
000000000001111111000000000110
000000000001111100000011100110
001100000011111111111111110111
011100000011111111111111111101
111000000001111111111111111001
110000000000000000000000000000
100000000000000000000000000000
000000000000000000000000000000
000000000000000000000000000000
000100000100000000000000000000
