000000000000000000000000001100
000000000000000000000000000000
000000000000000000000000000000
000000000000000000000000000000
000000000000000000100000000000
000000000000000000100000000000
000000000000001111111110000000
000000000000011111111111000000
000000000000011111111111000000
000000000000000000011110000000
000000000000000000011110000000
000000000000000000111100000000
000000000000000001111000000000
000000000000000011111000000000
000000000000000011110000000000
000000000000000111110000000000
000000000000000111100000000000
000000000000001111000000000000
000000000000011111000000000000
000000000000011110000000000000
000000000000111100000000000000
000000000001111000000000000000
000000000001111111111100000000
000000000001111111111110000000
000100000001111111111100000000
000000000000000000000000000000
000000000000000000000000000000
000000000000000000000001100000
000000000000000000000001100000
000000000000000000000001000000
