000000000000010000100000000000
000000000000000000000000000000
000000000000000000000000000000
000000000000000011000000000000
000000000000000000000000000000
000000000000000000100000000001
000000000000111111111111000000
000000000000111111111111000000
000000000000111111111111100000
001000001101001110111110100000
010000001111111111111110100000
000000000000111001111111111011
000000000000111001111010010101
000000000000010011110000011100
000000000000000111110000101100
000000000000000111100001011000
000000000000001111100111011000
000000000000011111001111001000
000000000000111110001111000000
000000000000111110000111000000
000000000000111111111111000000
000000000000011111111100100000
000000000000000000000000010000
000000000000000000000000000000
100000100000000000000000000000
100001100000000000000000000001
000001000000000000000000000011
000000000000000000000000000011
000000000000000000000000000000
000000011100000000000000000000
