000000000000000000000000000000
000000000000000000000000000000
000000000000000000000000000000
000000000000000000000000000000
100000000000000000000000000000
100011000000000000000000000000
000000000000011111111110000000
000000000000011111111111000000
000000000000000000001110000000
000000000000000000011110000000
000000000000000000011100000000
000000000000000000111100000000
000000000000000001111000000000
000000000000000001110000000000
000000000000000011110000000000
000000000000000111110000000000
000000000000000111110000000000
000000000000001111010000000000
000000000000011111100000000000
000000000000011100000000000000
000000000000111100000000000000
000000000001111000000000000000
000000000011110000000000000000
000000000011111111111000000000
000000000011111111111000000000
000000000000000000000000000000
000000000000000000000000000000
000000000000000000000000000000
000000000000000000000000001000
000001000000001000000100010100
