000000000000000000000000000000
000000000000000000000000000000
000000000000000000000000000000
000000000000000000000000000000
000000000000000000000000000000
000000000000000000000000000000
000000000000000000000000000000
000000000000000000000000000000
000000000000000000000000000000
000000000000110000001111100000
000000000001110010000111100000
100000000001111100001110110000
000000000001101100011111110000
000000000001111100111100000000
000000000000000000111000000000
000000000000000001110000000011
000000000000000011110000000000
100000000000000111100000000000
100000000000000111100000000000
100000000000000111000000000000
000000000000000110000000000000
000000000000000110000000000000
000000000000011100000011000000
000000000000111000000011000000
000011000001111000000111000000
000000000001111111001110000000
000000000000101100000100000000
000000000000000000000000000000
000000000000000000000000000000
000000000000000000010000000000
