000000000000000000010010110010
000000000000000000110000110000
000000000000000000011000010000
000000000000000000010100000000
000000000000000000000000000000
000000000000000000100000000000
000000000000111111111111000000
000000000000011111111111000000
000000000000001110001111100000
000001000000001000011111100000
000001111100010000011100000000
000000111100100011111011100000
000000011000000111111011010000
000000000000000101111000000000
000000000000000011110000000000
000000000000000111100000000000
000000000000000111000000000000
000000000000001111000000000000
000000000000011110000000000000
000000000000011111000000000000
000000000010110011110100000000
000000000001110011111011100000
000000000001100000000001100000
000000000011111111111110000000
000000000011111111111100000000
000000010010000000000000000000
000000000100000000000000000000
000011000000000000000000000000
000010100000000000000000000000
100101110000000000100000001000
