000000001000000000000000000000
000000000000000000000000000000
000000000000000000000000000000
000000000000000000000000000000
000000000000000000000100000000
000000000000101111111110000000
000000000001111111111111000000
000000000001111111111111000000
000000000001111111111111000000
000000000000110000111111000000
000000000000000001111110000000
000000000000000001111100000000
000000110000000011111100000000
000000000000011111111000000000
000000000000010111111000000000
000000000000001111100000000000
110000000000011111100000010000
110000000000011111000000001000
000000000000111111000000000000
000000000001111101111110000000
000000000001111111111111000000
000000000001111111111111000000
000000000001111111111110000000
000000000000000000000000000100
110000000000000000000000000000
110000000000000000000000000000
000000000000000000000000000000
000000000000000000000000000000
000000000000000000000000000000
000000000000000000000000000000
