000000000000000000000000000000
000000000000000000000000000000
000000000000000000000000000000
000000000000000000000000000000
000000000000000000000000000000
000000000000000000000000000000
000000000000000000000000000000
000000000000000000000000000000
000000000000000000000000000000
000001100000000000000000000000
000001100000000000000000000000
000000100000000000000000000100
000000000000000000000000001110
000000000000000000000000000000
000000000000000000000000000000
000000000000000000000000000000
000000000000000000000000000000
000000110000000000000000000000
000000110000000000000000000000
000000000000000000000000000000
000010000000000000000000000000
000000000000000000000000000000
000000000000000000000000000000
000000000000000000000000000000
000000000010000000000000000000
000000000000000000000000000000
000000000000000000100000000000
000000000000000000000000000000
000000000000000000000000000000
001000000000000000000000000000
