000000000001000000000000110100
000100000000000000000000000000
000100000000000000000000000000
000000000000000000000000000000
000000000000000000000000001000
000000000000000000000010111100
000000000000000110001111101011
000000000000011111011111111001
000000000000111111111111111000
000000000000111111111111111000
000000000000111111111111111000
000000000000111111101111110000
000000000000000100111111100000
000000000000000000111111000000
000000000000000011111110000000
000000000000000111111100000000
000000000000000011111000000000
000000000000100111111100000000
000000000001110111111100000010
000000000000001111101100000111
000000000000111111000100000111
000000000000111111001010001111
000000000101111111111111111111
000000000011111111111111111111
000000000011111111111111111110
111000000011111101111111111100
111100000001100000000000000000
011100000000000000000000000000
111100000000000000000000000000
111100000000000000000000000000
