000001000000000000000000000000
000000000000000000000000000000
000000000000000000000000000000
000000000000000000000000000000
000000000000000000000000000000
000000000000000000000000000000
110000000000000000000000000000
110000000000000000000000000001
000000000000000000000000000001
000000000000000000000000000000
000000000000000000000000000000
000000000000000000000000000000
000000000000000000000000000011
000000000000000000000011000011
011000000000111111111111110011
011000000010111111111111110000
110000000001111100000111100000
000000000000000000011101000000
000000000000000000011110000000
000000000000000000111100000000
000000000000000001110000000000
000000000000000011110000000000
000000000000000011100000000000
000000000000000111100000000000
000000000000001111000000000000
011000000000011110000000000001
000011000000111100000000000000
000000000000111100000000000000
000000000001111111111111100000
000000000001111111111111100000
