000000000001010000000000001100
000000000000000000000000000000
000000000000000010000000000000
000000000000000011000000000000
000000000000000111000000000000
000000000000001111111111111101
000000000000001111111111111011
000000000000011111111111111011
000000000000011111111111111000
000000000000000000000111111100
000000000000000000001111111000
000000000000010000011111100000
000000000001000001111111000000
000000000001100111111110000100
000000000000110111111100001100
000000000000111111111000001100
000000000000001111111000001100
000000000000011111100000000000
000000000000111111100000000000
000000011001111110010000000001
000001111111111111111111111001
000001100011111111111111111000
000000000001111111111111110000
000000000001111111111111100000
000000000000000000000000000000
000000000000000000000000000000
000000000000000000000000000000
000010000000000000000000000000
000011000011000000000000000000
000011110011000000000000000000
