010100000000000000000000000000
000000000000000000000000000000
000000000000000000000000000000
000000000000000000000000000000
000000000000000000000000000000
010001000000000000000000000000
000001000000110000000000000000
000001000001110000000000000000
000011000111100000000000000000
000011101111010000000000000000
000001000010111111111111110000
000001000000001111111111110000
001111000000000000011111100000
001110001000100000001111000000
001010011100100000011110000000
001100001000000000111100000000
000000000000000001111000000000
000000000100000011100000000000
000000000000000011110000000000
010000000000001111100000000000
011000000001101111000000000000
011000000010111110000000000000
000000000111111100000000000000
100000000010111000001111110000
110000000111111111111111110000
000000000011111111111111110000
000000000001100110111100110001
000000000000000100010000000000
000000000000001000000000000000
000000000001011000000001000000
