111001110011001111010000000000
011111111110000000000000000000
111111100111000000100000000000
110011101111110000100000000000
111111111101101111010000000000
111111111111111111100000000000
111111101000101111000000000000
111010110000011000100000000000
000001111011001111100000000000
000000001110000101100100011111
000011110111001101111110001111
000011101001111011101100111011
000001111111111001111000111101
000000100111011110110000111111
000011111101111111111111111111
000011111111000111111111111100
111111101111111111101111111000
101100101001111111111111110000
111111101110010100111111011100
010111111100011011111111111100
111111011110011111111010011000
101101111110011111111011111000
111011110101010111110011101100
000000011111111111111000111100
000000011100111111110000010100
000000000000111111000000111100
000000000000111110000001101100
000000000011111111001111111100
000000001011111111111111111110
000001001101111111111111111110
